132.92,149.50,158.82,170.06,180.85,193.38,200.96,211.07,215.42,221.29,226.64,232.31,236.19,240.60,243.12,249.27,252.62,259.92,263.93,267.12,271.81,279.93,281.60,285.25,288.57,287.98,286.72,282.84,279.52,270.13,268.84,258.86,249.71,243.29,235.65,229.26,225.28,217.51,214.02,204.69,200.12,192.20,184.95,179.74,171.82,164.98,156.34,147.05,137.44,127.94,119.02,110.35
135.37,151.33,162.93,173.00,181.14,194.50,202.71,211.80,218.48,222.93,225.63,232.28,234.16,237.26,238.21,244.02,247.74,253.16,256.28,256.46,258.79,263.25,267.27,269.47,268.83,269.44,268.99,259.47,256.11,248.24,242.99,236.32,226.56,221.65,216.02,210.54,203.63,196.03,193.50,188.22,182.69,173.10,170.80,164.77,158.11,148.07,142.24,134.08,127.61,120.42,109.18,100.24
142.79,160.85,171.23,183.33,195.25,207.70,213.38,224.41,227.88,234.17,237.19,242.17,250.06,249.23,250.92,254.42,260.25,264.56,268.65,268.96,272.02,273.27,279.41,281.23,280.49,282.45,273.70,268.33,264.59,258.04,251.20,240.44,230.49,226.36,219.23,212.85,206.53,199.96,198.20,191.46,188.90,178.81,173.44,168.75,162.37,154.64,146.05,137.53,130.92,121.66,114.59,104.00
135.87,150.88,160.64,172.41,183.50,195.87,201.31,209.15,212.05,217.37,221.88,226.06,229.90,231.14,232.12,235.20,238.80,241.82,244.90,246.33,245.65,250.08,250.89,254.03,253.88,252.29,248.62,241.68,238.30,231.76,225.44,219.02,210.06,205.91,201.04,195.49,190.88,185.41,181.20,174.05,171.47,167.00,160.38,155.71,149.66,144.36,139.12,133.09,123.94,115.21,109.42,99.61
145.34,161.30,172.29,183.33,191.65,202.79,209.06,217.00,220.74,224.38,226.38,230.79,235.44,233.28,232.82,236.24,239.21,243.58,245.08,244.27,246.99,248.47,252.64,252.97,255.25,259.02,254.44,246.29,244.07,242.39,234.92,231.42,223.03,222.79,216.92,210.77,205.68,200.48,198.49,195.78,190.85,183.86,180.76,176.48,172.15,162.74,158.09,149.20,143.68,134.63,123.89,113.85
135.15,150.05,161.21,169.84,176.00,183.73,191.23,200.38,204.66,207.33,208.25,213.04,214.01,215.87,217.01,220.58,224.52,230.34,234.05,233.42,239.84,243.12,248.71,251.84,255.34,261.54,261.73,256.53,256.16,255.19,251.07,246.03,242.66,243.21,238.92,232.65,229.54,224.02,220.34,219.86,215.19,207.28,203.06,200.17,195.89,185.22,177.79,168.81,162.00,150.27,140.70,128.32
123.79,139.59,146.00,155.62,165.37,174.38,181.28,188.28,191.61,194.83,199.58,202.27,205.76,210.67,213.79,216.15,219.25,226.04,229.81,230.87,234.94,241.27,244.03,250.73,253.34,254.77,256.56,254.33,251.85,247.62,246.87,241.12,237.08,232.44,229.87,224.96,222.04,216.39,213.41,209.38,205.06,199.42,192.57,187.84,184.79,178.27,168.22,160.33,150.00,142.17,133.15,120.97
128.56,143.00,152.00,161.99,172.20,181.47,187.55,195.30,200.52,204.24,210.10,213.01,215.72,220.38,224.24,227.27,230.06,236.14,238.76,241.92,245.96,251.45,255.28,263.23,263.18,266.33,266.19,264.95,263.52,257.38,255.41,248.86,244.46,240.05,236.70,231.31,226.12,220.33,218.04,213.43,208.94,203.09,196.02,191.09,186.00,179.25,172.15,161.64,151.48,142.87,134.53,123.15
131.49,144.00,154.43,162.37,173.37,183.21,189.79,197.03,202.06,205.39,210.15,214.22,218.55,221.71,223.57,226.46,231.20,235.01,240.97,241.63,248.65,251.72,259.05,262.73,266.18,269.70,268.56,264.49,262.55,260.57,256.16,251.08,244.77,242.53,239.28,232.74,229.39,221.98,219.66,211.80,207.97,203.49,197.12,193.31,187.86,177.69,172.19,163.08,153.39,144.39,133.45,121.63
125.17,138.97,150.24,156.97,168.24,176.85,184.78,192.84,197.25,200.60,204.69,211.52,214.58,217.38,219.21,224.98,228.27,235.02,240.52,240.21,248.03,253.36,258.21,263.30,264.84,270.42,274.05,269.83,267.48,264.58,258.99,252.96,247.13,246.03,240.35,233.75,229.65,223.30,218.36,214.87,211.38,204.01,197.59,191.25,187.83,178.16,170.07,161.94,154.21,144.10,134.47,122.12
117.75,132.94,139.71,149.16,160.35,169.81,176.67,183.17,186.94,191.64,198.67,201.76,204.01,208.52,210.84,216.75,220.08,225.43,230.23,232.82,238.80,246.68,248.05,255.67,258.64,259.93,262.38,257.26,259.73,252.21,250.59,242.17,237.81,234.24,228.83,222.14,220.33,214.90,209.40,204.80,199.12,195.36,186.90,181.34,178.47,171.57,163.23,153.94,146.44,135.92,126.30,115.38
123.98,137.48,150.63,160.42,167.72,179.40,186.21,196.98,201.02,207.63,209.47,215.34,219.18,221.20,222.38,229.99,233.03,240.87,245.41,247.20,253.14,258.31,263.87,266.33,267.57,271.98,274.57,266.31,265.32,260.66,254.61,247.80,240.47,240.11,235.65,228.13,221.14,213.97,212.25,208.00,204.36,195.90,191.21,183.99,180.25,170.43,163.78,155.24,146.82,139.52,126.92,115.45
125.72,140.06,151.80,161.93,170.00,180.71,189.19,199.44,202.83,206.16,209.80,216.67,220.10,223.62,225.18,231.84,234.37,243.26,246.13,248.17,251.44,258.40,262.03,265.37,268.32,274.31,270.98,262.12,262.99,256.32,250.32,244.26,238.76,235.08,227.52,223.99,217.28,212.00,209.61,206.05,201.73,193.26,189.03,181.25,177.13,167.84,159.39,150.63,144.54,135.15,125.42,114.02
117.61,130.25,139.05,148.00,157.03,168.07,173.51,182.17,187.17,191.13,194.20,199.48,202.07,205.06,207.87,211.63,214.35,221.82,222.20,225.98,230.00,233.65,234.92,238.31,240.87,241.05,237.41,236.30,235.10,226.53,223.89,217.81,211.25,205.06,201.16,195.53,192.96,186.94,183.47,178.36,174.77,170.42,163.64,158.75,154.00,147.83,141.03,133.20,126.04,117.00,108.85,100.34
139.04,155.36,166.48,177.37,187.58,197.13,205.91,216.27,218.55,224.76,226.82,232.69,237.02,235.95,239.53,244.39,246.76,253.81,258.04,256.38,259.36,263.05,265.56,267.81,268.32,272.30,268.78,259.86,260.65,254.23,248.49,240.64,236.09,234.06,227.26,220.64,215.37,210.06,208.12,204.24,201.10,191.47,186.68,181.34,178.32,167.97,160.42,152.63,146.56,138.23,126.85,116.69
136.40,151.21,160.03,170.74,180.37,192.05,198.67,206.87,210.89,214.03,218.28,222.52,225.66,227.64,227.90,232.14,235.85,239.58,240.53,242.24,244.27,244.71,248.24,250.06,247.63,252.07,249.21,241.98,239.30,235.16,228.27,222.70,218.16,216.91,212.98,205.70,201.80,197.21,193.08,192.11,186.12,180.11,176.88,170.07,167.54,161.20,153.05,146.49,139.46,130.60,122.02,110.17
137.06,151.95,161.82,172.80,183.70,192.84,200.14,205.51,210.30,214.66,216.45,222.43,224.76,226.88,229.53,232.00,235.00,240.88,243.91,243.58,248.56,249.90,255.52,258.33,259.89,258.96,258.85,255.64,254.07,250.06,244.30,238.47,233.14,229.22,225.32,220.19,217.08,212.35,208.34,203.06,198.37,194.98,186.45,183.41,177.63,172.19,165.49,154.35,146.37,138.08,129.25,118.71
134.62,149.58,160.65,170.19,178.71,188.90,197.29,205.35,209.77,215.00,218.18,224.20,228.63,229.40,231.40,235.84,241.03,247.70,254.49,252.34,258.50,262.55,269.74,273.39,276.38,279.41,280.82,271.27,272.25,268.88,262.50,256.42,249.03,249.87,244.56,239.21,230.77,224.77,222.99,218.76,214.01,204.48,200.81,195.16,190.41,179.77,171.23,160.08,154.98,144.31,134.72,122.69
118.90,134.54,143.11,151.48,163.88,173.81,180.01,189.13,193.94,199.28,201.08,207.96,213.08,213.78,218.21,222.25,227.88,234.55,239.93,238.65,245.07,250.08,255.43,259.46,263.50,265.15,264.01,254.88,254.06,250.35,244.01,235.23,228.74,227.69,223.19,217.89,208.89,204.59,201.80,196.88,194.28,185.78,181.08,176.48,170.82,164.48,154.83,147.32,139.86,130.03,119.51,109.79
135.00,151.33,162.31,173.03,184.38,196.03,201.52,211.37,217.19,221.58,227.25,230.27,235.03,239.93,242.39,250.73,251.15,259.00,262.92,266.81,270.90,279.08,280.14,283.99,287.86,289.64,286.34,282.41,280.86,271.81,268.52,261.93,253.18,248.91,242.06,235.34,231.95,223.22,221.92,213.85,207.85,204.01,194.81,187.63,185.07,174.05,166.43,156.97,145.99,134.50,125.88,114.20
136.86,152.16,162.82,174.16,185.74,197.00,202.25,211.63,216.93,221.65,227.69,231.25,233.94,237.39,239.02,244.68,245.54,250.43,255.98,256.86,263.01,266.54,268.51,272.00,273.94,272.64,269.46,266.00,261.63,255.07,251.02,244.71,235.03,229.54,225.22,217.72,213.88,209.04,205.55,196.23,191.81,189.16,180.10,172.53,170.32,161.28,155.01,145.50,136.88,125.71,117.61,105.95
131.70,147.83,157.10,168.00,178.14,189.50,195.36,202.43,207.65,211.69,215.23,218.56,222.51,225.66,226.21,231.01,233.50,235.69,241.45,242.47,245.46,249.10,250.05,253.65,256.56,257.19,251.87,248.97,245.80,241.81,236.92,229.39,222.04,218.00,213.82,207.51,203.69,200.36,195.78,189.31,185.28,181.47,173.44,166.24,163.87,156.60,150.53,142.01,133.46,124.47,117.99,107.20
127.48,142.89,153.22,161.91,170.01,181.55,188.60,197.10,199.72,202.98,205.73,211.62,213.60,215.36,214.28,219.46,222.32,225.86,229.02,228.78,232.14,234.97,237.45,239.84,242.14,243.56,242.01,234.88,232.70,229.89,226.12,219.26,214.84,211.74,207.97,201.10,197.01,192.84,189.39,185.15,181.82,174.77,171.81,166.31,162.52,153.94,147.90,139.46,133.63,127.35,116.50,107.80
134.54,149.04,158.49,167.80,180.01,191.69,196.76,205.30,209.09,214.13,218.69,221.42,226.93,228.79,229.71,232.70,237.00,241.28,243.07,244.18,250.74,253.48,255.71,258.69,260.21,260.51,259.11,252.76,249.69,245.59,240.52,234.78,225.57,222.72,216.69,211.42,208.63,201.80,200.12,192.59,188.22,186.10,178.60,172.66,171.07,163.53,157.43,148.86,142.05,131.24,123.91,113.02
132.23,145.45,157.56,166.46,177.26,187.10,195.49,204.59,208.74,215.59,219.65,225.74,227.41,229.19,232.12,238.30,240.24,246.59,252.80,251.73,254.57,260.63,262.03,267.56,267.07,270.09,269.88,262.92,259.16,255.62,250.35,242.69,234.26,234.20,228.33,219.53,216.34,209.54,206.16,203.30,198.46,191.02,186.82,179.36,177.60,167.24,159.70,152.27,145.83,135.53,125.25,113.85
131.80,145.21,156.16,165.71,177.26,187.26,195.50,205.18,211.12,213.97,222.01,225.88,232.45,236.23,238.76,244.97,246.13,252.88,257.39,259.43,266.29,271.83,272.62,276.88,278.69,280.26,278.24,275.88,272.62,265.14,262.93,254.47,248.50,241.87,234.52,227.95,226.88,218.56,216.26,205.00,201.85,198.43,188.32,182.53,178.81,171.35,164.69,154.16,144.31,133.02,125.30,113.36
136.01,151.43,164.22,174.62,185.32,196.24,204.97,218.29,223.89,228.12,233.12,238.01,243.63,245.17,248.65,252.84,259.62,264.97,268.42,268.54,274.25,277.70,281.82,284.02,284.96,289.35,284.08,278.30,273.12,268.90,262.50,254.58,245.25,244.23,237.61,228.74,221.88,216.81,212.23,208.06,203.97,197.00,190.82,185.32,179.90,169.71,161.64,153.26,145.17,136.03,125.80,113.07
131.23,145.88,156.54,165.61,179.43,190.07,198.39,207.08,211.60,216.34,221.05,226.11,230.50,231.49,234.00,239.27,241.18,247.42,250.38,252.36,255.16,259.31,260.10,262.91,265.42,267.80,262.51,255.48,252.86,247.34,242.13,234.76,226.21,223.57,218.01,211.24,207.80,202.51,199.04,194.21,189.97,184.76,178.37,171.81,168.86,162.73,154.31,147.05,137.42,130.83,123.69,112.16
126.83,139.59,151.72,162.08,170.84,181.20,189.01,197.13,202.23,206.49,211.02,214.41,219.18,218.77,221.58,225.63,226.05,231.31,236.32,235.03,237.76,240.35,244.12,246.13,247.34,247.13,245.64,240.29,235.64,231.11,225.30,217.87,211.55,209.24,203.34,198.07,194.65,190.68,187.86,181.47,178.55,173.67,168.87,162.93,161.06,153.01,148.05,141.68,133.30,126.14,118.07,107.94
125.59,139.34,147.38,157.46,167.84,178.36,185.35,191.51,195.88,198.64,203.89,206.20,209.98,212.62,214.46,218.08,219.57,223.18,226.95,229.20,230.31,235.93,236.68,240.26,241.75,242.16,237.59,234.17,231.70,224.56,222.14,216.81,210.26,206.74,201.14,196.37,194.37,189.95,187.64,180.81,177.67,175.39,166.87,162.96,161.38,152.90,150.03,142.89,135.43,125.63,120.22,109.40
133.60,149.40,158.68,167.57,177.46,189.76,196.01,205.42,211.01,213.78,219.08,222.95,227.18,228.43,230.18,236.04,241.70,247.87,251.46,250.49,258.02,260.16,266.06,269.33,272.53,275.22,274.85,271.74,267.49,265.37,261.43,253.27,248.22,245.60,241.32,234.17,232.14,224.72,222.55,217.85,213.14,208.48,204.47,196.58,194.55,183.31,176.71,164.05,158.78,148.57,138.24,126.06
130.19,144.59,156.04,164.50,172.80,182.50,189.13,200.32,203.67,207.12,210.04,216.15,218.87,219.86,221.35,227.61,230.23,238.03,241.81,241.51,246.03,250.14,253.90,257.00,259.25,264.94,264.32,258.91,256.12,253.73,250.69,242.03,238.88,238.42,234.48,229.54,223.60,218.96,216.04,214.95,210.47,203.02,200.52,194.08,190.96,180.71,171.96,164.45,157.54,147.46,135.62,124.78
138.00,153.31,161.53,171.90,183.07,194.25,199.84,208.63,211.12,216.37,221.01,225.28,227.07,230.53,233.44,237.78,240.05,245.47,249.18,253.62,253.75,260.73,262.09,270.19,271.33,271.71,271.83,270.12,266.90,261.59,262.38,254.61,251.25,247.10,242.39,238.60,235.99,229.46,228.28,221.58,216.93,214.76,206.71,200.41,197.95,189.74,182.53,175.07,164.92,152.08,144.84,131.82
129.87,144.75,154.20,164.01,173.28,182.95,189.02,195.16,200.00,204.48,209.02,211.25,214.00,217.88,220.87,224.80,226.49,233.21,236.54,238.61,241.47,245.96,247.94,251.37,254.56,257.65,257.42,253.31,253.65,248.81,245.88,241.00,236.32,232.40,228.78,224.72,223.01,217.08,214.26,208.41,206.00,201.56,195.02,187.61,185.81,179.48,170.84,162.69,154.69,143.03,133.90,122.35
135.15,149.40,160.60,170.99,180.05,190.25,198.96,209.86,212.24,217.72,220.49,227.42,231.20,232.14,234.62,240.22,242.12,251.08,254.23,252.41,256.76,261.66,265.38,265.93,268.06,271.60,268.29,259.00,259.35,256.32,250.89,242.50,235.79,237.80,231.49,226.32,219.48,212.08,211.28,209.25,205.37,197.31,194.88,187.58,184.72,176.71,167.87,158.67,152.12,143.41,131.32,119.94
129.84,143.22,157.31,166.90,173.61,185.93,194.92,204.48,207.37,214.76,214.11,224.15,228.97,229.65,231.37,237.59,241.59,249.07,252.96,250.51,254.24,258.10,261.49,265.11,267.20,271.54,266.32,256.33,255.86,253.78,246.76,241.54,233.24,232.12,228.00,223.22,215.97,212.14,209.12,207.97,203.30,195.69,190.88,186.10,181.84,175.21,166.34,158.05,150.78,142.34,131.49,120.20
129.52,144.01,161.82,162.81,175.86,177.25,191.02,202.24,207.88,212.28,215.26,221.46,225.69,227.74,227.32,232.76,238.21,244.62,250.14,248.97,252.72,255.43,262.05,263.21,264.00,268.68,267.59,261.17,259.48,256.94,252.46,244.38,241.75,240.56,236.18,231.10,224.59,218.08,216.00,215.23,211.75,204.29,201.00,193.64,191.37,183.37,174.66,165.92,157.71,148.76,138.81,125.90
129.53,145.06,156.73,166.21,174.64,184.11,192.39,202.76,205.80,210.44,212.95,220.05,223.75,225.42,226.49,232.47,236.68,244.00,246.56,246.46,251.33,255.35,259.56,261.27,265.51,269.90,268.96,264.33,263.32,259.80,255.80,250.54,244.52,245.94,240.35,234.96,229.60,225.44,223.99,219.65,217.11,210.00,204.02,200.36,196.87,188.05,177.34,170.36,162.56,152.03,140.53,129.03
135.15,149.05,159.77,170.08,179.36,189.93,197.88,204.63,210.30,213.47,219.06,222.35,226.28,227.66,229.65,233.94,240.67,246.02,248.21,250.84,255.22,259.00,263.14,267.05,269.70,271.09,269.31,266.72,264.37,259.42,257.00,250.70,246.01,243.33,236.85,231.61,229.06,222.79,220.20,215.86,212.19,207.18,201.01,195.41,191.98,183.24,175.89,167.05,157.70,148.76,138.65,126.37
132.23,147.57,157.29,168.47,175.14,186.68,191.60,202.36,205.57,211.10,214.95,218.28,222.89,224.50,225.57,232.13,235.09,241.01,243.29,245.37,248.24,251.05,255.38,258.17,260.89,261.43,258.14,251.79,249.44,244.05,240.92,233.62,226.64,224.72,218.06,213.78,208.83,202.27,200.86,195.01,191.02,186.01,180.65,177.12,171.07,164.66,156.78,149.11,140.25,132.57,121.79,112.29
141.61,156.52,166.90,178.06,186.95,198.64,206.64,212.87,218.28,222.09,225.18,228.97,232.66,235.85,238.76,244.05,244.04,251.55,253.03,256.43,259.24,263.10,266.56,270.97,273.38,271.98,268.29,264.98,261.93,254.96,253.94,244.38,239.03,233.24,227.98,222.55,220.24,212.76,209.88,202.92,200.26,194.65,186.42,182.82,178.13,172.31,164.60,155.96,146.48,137.31,127.48,118.46
121.82,134.63,147.43,155.79,162.24,174.38,178.68,186.55,191.32,195.26,196.16,202.05,204.94,204.53,207.10,212.30,215.82,221.42,223.29,222.57,225.88,230.65,234.55,237.36,239.73,241.86,240.05,232.48,233.21,229.40,225.82,217.19,214.44,212.70,206.74,201.43,197.88,192.42,190.21,184.72,182.65,174.80,172.66,166.97,162.89,154.43,148.49,140.01,136.06,128.14,117.32,107.71
119.20,130.65,140.13,149.80,158.90,165.47,173.90,179.01,182.16,185.01,188.82,191.21,195.53,196.56,199.16,201.20,204.62,209.48,212.55,212.00,216.69,221.46,223.22,229.43,232.36,232.05,234.05,232.69,229.17,228.09,224.97,219.54,216.33,213.60,210.60,206.01,204.60,199.20,196.70,192.77,188.22,186.49,179.20,174.27,172.24,166.21,161.21,152.19,144.47,135.28,126.87,115.21
125.43,139.29,147.36,157.97,165.60,175.45,180.05,187.95,191.85,193.94,196.50,201.06,203.32,204.75,207.42,210.54,214.16,219.86,223.99,227.04,233.57,239.77,240.42,246.89,249.28,252.67,252.51,250.27,249.72,246.03,246.66,239.91,237.40,233.68,228.35,225.40,223.52,217.82,214.16,210.34,206.85,202.80,197.63,190.10,188.02,177.05,171.71,162.09,153.73,142.67,132.14,120.88
127.13,141.69,152.59,162.74,170.14,179.07,186.63,195.36,199.68,202.20,207.47,211.02,214.55,214.65,216.23,223.27,226.60,234.61,237.86,238.61,243.61,248.90,252.36,256.53,256.04,263.50,263.65,256.22,255.57,250.12,247.89,241.98,235.76,237.10,232.12,225.76,221.27,213.03,212.42,208.32,206.25,198.49,193.98,186.03,185.22,174.81,166.97,158.66,150.65,140.87,131.64,118.33
133.66,148.71,158.09,167.20,174.04,183.10,190.19,198.91,200.81,204.24,208.59,212.85,215.72,216.06,218.34,223.14,226.75,231.87,237.35,236.58,241.47,246.98,248.52,253.62,255.81,259.47,255.56,252.18,251.10,249.82,246.66,242.02,236.65,236.44,231.87,228.01,220.51,216.12,213.38,210.24,207.04,201.90,195.13,190.22,187.95,178.68,169.81,160.05,152.61,143.13,132.64,120.33
129.52,144.68,153.08,162.48,167.50,177.14,181.73,188.99,192.11,196.60,196.62,202.20,204.89,205.52,205.87,209.34,211.83,219.18,221.52,221.12,223.32,228.32,232.55,235.37,236.30,241.63,242.16,236.28,235.67,234.40,231.77,227.86,224.54,224.96,218.63,213.97,211.74,206.00,203.97,200.83,198.24,191.09,188.56,181.00,178.54,168.83,160.80,154.51,146.58,137.54,127.95,115.26
133.41,145.99,158.78,167.03,172.81,182.79,188.30,195.97,198.60,201.61,202.63,207.63,209.02,210.06,211.40,213.72,217.33,223.79,227.85,227.27,232.40,236.36,239.75,242.33,244.76,253.90,256.12,251.77,253.14,250.34,247.62,243.18,239.53,242.04,237.90,230.73,227.98,220.99,218.82,217.45,212.78,204.47,202.43,195.69,193.20,184.17,175.33,166.86,158.26,150.88,139.28,126.32
128.00,143.13,153.64,162.98,168.36,180.41,185.70,194.55,198.57,199.65,203.10,207.85,211.06,211.75,214.85,216.00,221.88,225.89,229.06,230.98,237.80,240.58,245.98,249.07,253.24,257.85,256.80,254.63,256.56,250.92,250.25,243.21,243.08,238.03,235.26,231.14,227.43,221.20,219.53,215.47,212.00,206.04,203.38,198.11,194.08,185.22,177.10,170.31,163.67,154.03,142.05,131.24
131.03,145.03,154.38,164.18,170.66,180.74,186.98,196.88,199.18,202.02,203.84,210.30,212.93,212.06,212.46,217.01,223.14,226.90,232.04,229.94,236.12,240.28,245.33,249.70,250.34,257.61,259.09,254.92,254.92,253.48,250.57,246.13,244.28,243.91,240.93,237.07,233.08,227.71,223.83,224.66,220.63,214.67,211.24,205.08,201.82,192.57,184.81,174.77,167.86,156.89,145.12,132.01
123.33,138.65,145.67,153.57,161.15,168.83,175.84,180.50,183.50,186.94,189.17,193.38,195.92,196.16,194.61,198.07,201.36,206.00,210.86,208.40,212.36,214.37,219.02,220.00,221.98,228.74,227.98,224.51,225.43,223.09,220.13,218.06,217.00,217.85,216.83,211.29,209.88,204.28,202.24,201.97,198.40,193.20,189.91,183.33,181.50,172.53,166.60,157.42,149.78,138.92,131.53,119.75
126.14,140.53,147.19,154.16,165.30,172.96,180.01,182.36,186.97,186.90,193.24,195.17,197.09,199.62,200.04,201.11,205.12,210.04,213.89,211.81,213.93,217.83,222.40,227.98,229.58,234.55,236.37,235.42,238.30,235.68,235.02,235.10,233.24,235.29,232.00,230.02,228.82,222.45,219.04,219.02,214.22,210.00,203.07,197.37,195.33,186.13,178.47,170.18,157.62,147.22,141.60,127.91
130.67,145.09,153.29,164.10,173.63,184.66,190.18,197.82,200.74,204.62,207.00,211.97,216.83,216.36,218.41,221.92,223.90,231.04,233.94,232.47,238.65,240.23,245.31,248.70,250.60,256.63,257.24,248.21,248.93,246.01,240.84,236.28,236.60,237.02,232.33,227.86,225.18,217.91,218.41,217.04,213.10,205.12,201.14,196.46,191.51,185.15,175.82,168.36,159.09,151.08,141.48,129.62
132.61,145.43,151.83,162.60,170.85,180.71,186.08,188.38,193.54,194.61,197.87,202.78,202.31,203.08,205.63,205.60,209.01,211.01,216.95,212.94,218.58,220.84,225.00,230.42,233.03,241.35,242.10,237.17,239.38,238.73,235.54,235.05,232.54,233.32,233.06,227.48,225.08,219.82,217.17,217.48,214.60,209.78,205.53,200.19,197.34,189.17,182.70,173.31,164.12,152.09,145.34,131.59
121.04,132.85,141.29,148.65,155.72,164.18,169.67,173.22,176.48,181.40,181.89,184.02,187.26,189.17,191.64,192.90,194.28,200.02,202.61,204.29,208.31,215.03,216.67,220.79,224.93,228.40,234.67,234.68,234.85,232.69,231.60,228.09,227.76,224.66,222.47,219.06,216.06,212.27,209.88,203.60,202.83,198.57,191.66,186.04,183.24,171.86,165.95,157.69,148.35,138.20,128.08,117.55
123.07,134.81,143.10,151.91,157.28,165.70,172.70,177.54,182.04,184.45,183.56,190.92,192.30,193.04,194.59,195.80,199.70,205.77,211.57,210.12,217.28,221.45,227.85,231.81,234.78,242.67,249.69,246.76,247.99,245.80,246.09,242.19,239.59,239.72,235.85,231.82,227.32,221.62,219.59,217.50,213.01,207.56,202.00,194.54,191.13,179.08,171.01,162.54,154.80,144.53,129.76,120.17
109.64,122.30,129.40,137.10,144.27,151.34,156.26,161.82,164.51,167.36,172.93,174.27,175.93,178.52,179.30,184.44,185.00,190.38,194.94,197.67,202.51,207.63,210.05,216.68,223.62,225.20,227.63,225.80,225.04,223.44,224.50,219.44,220.03,215.42,213.01,208.84,208.15,201.63,199.97,195.11,189.52,188.66,180.23,175.93,172.80,163.00,156.89,147.30,138.60,129.69,119.34,109.12
121.20,135.47,141.15,150.05,157.80,164.45,170.85,176.03,180.28,183.05,185.40,189.87,190.52,193.34,193.94,197.87,204.83,207.28,211.95,214.25,216.60,221.77,225.61,232.13,233.94,236.58,237.74,236.91,236.97,235.21,233.98,227.22,226.40,223.23,219.97,218.22,215.60,208.85,204.14,202.60,197.31,195.26,186.27,180.85,179.21,169.50,163.23,154.43,144.50,134.33,127.42,115.95
132.44,147.05,153.00,164.12,173.62,182.58,189.23,192.90,197.23,198.81,205.88,209.33,211.22,214.06,213.69,220.48,222.27,227.62,231.91,233.21,234.08,242.01,246.40,250.23,253.03,256.22,259.11,255.83,255.89,251.25,251.01,247.34,244.35,241.17,236.43,230.34,229.26,224.02,221.47,215.37,211.19,210.15,200.61,196.02,191.11,181.86,175.93,167.30,155.90,145.91,136.82,123.65
131.19,143.92,152.50,163.27,171.96,180.40,186.34,190.79,197.23,198.86,201.36,206.60,208.20,209.30,213.06,214.73,216.02,224.02,224.51,225.49,227.07,233.09,233.81,238.21,240.02,244.23,243.43,242.57,241.45,236.08,236.58,229.40,229.73,227.25,223.19,218.52,218.32,213.34,213.03,205.77,204.43,202.07,194.91,190.77,189.11,179.47,173.08,164.64,157.00,144.25,134.97,123.47
131.22,145.60,155.18,166.51,171.40,182.43,189.53,196.35,199.92,205.07,207.47,214.23,216.63,218.01,220.00,224.27,228.01,235.27,240.05,237.26,242.00,244.53,249.07,254.20,254.61,259.16,261.08,256.29,256.70,251.62,249.65,240.97,239.01,238.80,235.64,228.72,226.61,221.36,219.35,217.79,214.37,208.13,204.01,199.04,195.56,187.62,179.01,169.52,163.89,152.96,141.43,129.45
124.20,139.20,146.49,157.84,166.17,175.84,182.04,186.27,192.77,195.78,202.57,203.50,209.69,213.77,215.63,221.12,222.69,229.18,236.66,236.81,244.27,249.45,254.03,259.24,261.63,267.06,268.54,266.31,261.91,257.29,258.12,248.60,246.55,241.50,239.06,233.08,230.63,225.01,223.19,216.71,213.22,209.80,201.90,196.57,193.08,185.27,178.84,168.11,158.48,147.32,139.13,125.06
116.28,129.12,137.88,146.82,152.46,160.90,167.89,173.66,181.14,184.81,187.67,192.50,198.16,200.25,202.25,209.06,211.25,217.83,224.29,226.83,233.35,237.41,243.82,248.41,250.29,258.57,260.05,252.21,252.16,249.82,249.61,242.17,240.16,238.25,233.36,225.76,223.77,214.56,214.01,207.17,203.79,197.52,190.43,182.48,180.65,169.06,163.29,155.32,145.96,136.82,125.26,115.16
134.12,148.79,159.00,169.81,178.07,188.22,195.39,204.66,208.69,215.46,218.91,222.99,227.75,229.21,231.49,235.97,238.82,246.45,253.62,251.34,254.68,261.08,262.96,267.71,268.79,271.81,273.07,265.37,263.62,258.15,255.00,249.16,242.62,241.10,237.46,227.48,224.90,218.16,215.13,212.00,207.87,200.19,194.52,188.35,185.53,176.62,169.43,161.38,153.39,143.75,134.30,122.64
140.60,154.74,164.98,174.47,183.63,194.43,201.09,211.23,212.62,217.92,222.00,225.16,228.00,229.47,233.70,238.17,241.90,246.13,250.99,249.88,252.41,256.70,260.35,262.95,265.20,266.42,266.22,263.82,260.91,257.12,253.58,245.52,241.85,238.45,233.26,228.54,224.59,219.32,214.98,214.11,208.29,205.00,198.65,193.93,190.71,181.04,174.24,164.84,158.69,146.29,136.82,124.04
128.63,142.30,150.03,161.21,169.19,180.01,185.15,192.77,198.17,201.69,206.41,211.40,214.25,217.51,219.25,223.08,229.40,233.81,237.76,239.64,247.39,249.04,254.64,261.01,260.49,261.12,262.15,259.62,257.05,250.49,251.34,243.40,240.42,233.93,229.39,225.36,221.88,214.73,211.29,207.17,202.43,199.42,193.20,186.76,184.84,176.07,169.16,160.38,152.43,142.64,131.52,120.00
123.07,135.93,145.09,155.76,164.77,174.13,179.18,186.60,191.38,196.47,199.30,205.63,208.94,211.63,214.22,218.83,225.61,229.32,234.18,233.63,239.24,244.93,249.65,253.16,252.13,258.68,259.24,252.72,252.45,245.25,243.12,235.59,231.46,230.01,228.30,218.68,214.31,208.15,206.40,203.25,199.54,192.76,188.35,181.47,177.72,170.67,163.25,154.73,147.09,137.88,127.31,116.38
131.02,143.27,154.94,166.78,173.01,183.47,192.46,201.40,206.90,212.49,214.87,222.47,224.38,226.81,229.65,232.40,237.60,245.20,248.49,248.81,253.66,258.77,263.46,263.09,266.25,270.65,271.81,266.13,263.35,259.17,254.96,248.00,243.38,242.10,235.73,229.01,224.29,215.87,213.82,209.68,205.93,197.00,193.54,185.00,182.80,170.00,163.87,153.26,147.73,137.06,125.00,115.62
131.59,146.24,155.64,168.39,176.82,185.59,195.02,202.56,207.91,211.29,214.84,219.18,223.58,224.20,225.60,229.31,232.56,237.46,241.01,242.79,247.49,252.05,254.89,257.77,260.30,264.82,263.82,256.09,254.72,251.80,248.21,243.99,237.84,236.91,231.70,226.21,222.75,213.68,212.34,205.01,202.62,198.86,191.05,184.71,181.53,172.82,164.40,156.03,149.03,137.30,127.06,116.76
129.26,143.96,151.86,160.56,171.75,180.36,186.64,193.40,196.60,200.80,208.66,211.14,213.47,216.72,216.32,222.25,224.20,230.25,234.39,236.24,240.15,246.11,249.47,255.91,257.86,261.88,262.76,259.38,258.00,254.02,253.67,247.24,243.02,241.42,237.61,233.64,229.68,221.47,220.84,215.59,209.80,207.47,200.00,192.72,190.29,181.33,175.31,165.61,156.08,144.50,135.67,124.58
131.48,145.34,153.10,163.05,171.23,179.81,187.47,194.49,199.02,203.67,206.71,212.79,214.35,216.54,218.05,221.88,229.02,234.00,237.92,239.14,245.58,251.21,258.86,262.77,265.31,272.09,278.03,269.53,270.74,269.15,264.50,258.44,254.23,254.10,252.84,243.85,238.41,232.79,228.59,228.45,221.92,214.90,210.19,200.50,198.91,185.32,177.34,166.48,160.90,149.77,137.32,124.34
129.81,142.89,155.33,164.22,172.24,183.17,191.06,198.91,202.97,209.44,212.20,218.89,219.51,222.60,222.27,228.79,231.09,239.46,241.07,241.58,245.39,250.91,253.16,258.05,254.91,261.38,263.25,255.67,256.01,251.27,246.13,240.62,234.33,233.77,227.37,222.80,216.15,208.40,205.51,202.54,197.91,188.16,185.83,178.39,174.43,163.05,154.98,145.89,138.54,130.74,119.15,107.86
130.60,145.44,154.15,167.04,176.71,187.54,195.07,203.77,208.00,212.13,220.29,222.25,226.43,229.99,232.41,236.92,238.85,243.98,244.97,247.04,252.26,253.51,257.75,260.93,263.01,266.45,262.39,257.13,254.28,248.71,247.26,240.36,237.23,230.02,227.52,222.04,217.90,213.85,208.71,204.48,199.46,196.40,186.45,182.86,178.73,170.84,164.65,154.16,147.14,136.19,127.12,116.21
135.48,151.79,160.38,172.70,182.45,193.20,198.49,208.49,212.66,217.18,222.01,225.04,229.44,232.11,235.05,239.14,240.98,245.42,247.52,248.70,252.46,258.12,261.56,266.99,269.76,272.35,269.67,265.56,264.41,260.25,258.04,252.19,251.35,246.83,243.77,238.72,234.78,232.11,228.40,223.18,217.56,214.77,207.55,201.79,197.03,189.84,184.20,173.97,165.37,153.71,142.86,131.10
130.61,145.38,151.61,164.76,173.52,183.81,187.30,196.81,199.62,201.85,206.90,210.61,214.67,218.66,219.86,222.77,226.29,233.02,232.83,235.72,242.62,244.23,250.08,253.51,258.43,261.37,263.55,260.16,262.71,255.57,257.28,251.00,249.01,245.22,239.28,236.05,235.05,228.53,226.50,220.20,215.87,212.25,205.62,201.46,195.36,187.66,179.98,172.05,160.65,153.12,139.62,129.40
121.04,135.03,142.00,153.69,162.54,173.29,176.82,186.81,189.71,193.85,200.56,204.68,207.65,212.08,214.62,218.75,221.42,229.14,231.90,231.95,238.82,243.82,248.07,252.79,255.52,258.77,258.27,253.73,253.64,249.56,248.17,240.29,238.65,233.73,230.15,226.00,222.73,217.30,215.00,208.61,203.77,200.73,193.37,188.74,182.95,176.21,167.55,158.98,151.65,140.94,128.55,119.04
129.02,143.42,151.58,161.52,172.17,181.02,188.10,195.31,201.43,205.77,210.95,216.13,219.54,222.32,223.78,227.65,230.29,237.17,241.30,242.10,248.17,250.80,255.97,261.19,260.25,267.32,266.85,260.92,260.23,254.57,251.79,246.17,242.37,239.34,235.87,227.95,225.14,218.00,214.44,210.20,206.16,198.50,193.33,187.54,183.17,174.54,166.93,156.06,147.46,136.37,127.77,117.52
127.95,141.60,153.06,161.90,171.94,181.57,188.25,195.00,201.81,203.21,205.94,213.47,215.39,217.08,218.40,220.23,225.94,232.02,235.94,234.96,239.07,244.74,249.04,251.34,251.81,260.38,261.02,256.31,255.55,253.24,248.60,242.39,240.98,241.96,236.73,230.31,226.38,219.49,218.55,215.86,211.99,204.28,198.57,192.76,190.16,182.04,173.97,164.58,155.17,145.41,135.88,124.82
122.43,134.18,144.80,155.47,159.25,168.31,174.20,183.47,184.14,189.53,190.55,197.80,199.75,200.87,205.14,206.20,212.08,217.31,220.00,219.67,224.02,229.96,234.68,238.40,239.07,243.25,246.71,242.21,243.26,238.87,237.00,230.87,229.31,228.37,224.63,219.23,214.68,210.72,205.97,206.18,202.63,193.83,192.63,185.60,180.85,173.44,165.10,157.70,151.86,141.20,129.52,119.82
119.25,131.02,139.27,148.37,157.00,166.03,168.36,178.10,179.69,184.09,189.26,194.61,197.43,200.87,201.61,207.29,209.99,215.08,215.72,220.20,225.38,228.53,232.42,236.63,238.17,241.59,240.03,237.20,237.02,231.25,232.00,225.94,222.04,218.52,216.06,211.95,209.48,203.39,200.41,198.91,193.26,190.29,185.46,182.12,175.39,171.56,164.51,155.88,147.33,137.62,127.82,118.71
127.09,142.43,151.61,159.84,169.05,179.32,186.99,194.31,199.86,203.63,207.64,215.08,220.23,222.05,226.74,228.37,232.57,239.01,244.44,242.47,249.01,254.92,259.79,262.32,264.85,271.15,270.12,261.02,260.13,257.17,249.20,243.53,243.02,240.71,237.89,229.13,226.11,220.66,217.45,216.90,213.32,206.82,201.88,196.37,192.27,183.70,176.46,167.28,160.70,150.27,137.48,126.67
122.38,136.21,142.90,151.79,163.05,170.53,177.10,185.05,189.00,194.18,198.09,204.12,207.42,208.87,212.20,215.56,222.14,226.89,228.47,229.14,234.39,239.94,244.25,249.23,252.67,254.23,253.81,250.50,246.08,242.66,240.68,234.31,230.63,227.13,223.52,219.70,215.42,211.01,206.20,202.00,198.36,193.85,187.77,183.31,177.99,171.49,163.78,153.84,147.28,136.06,127.66,117.18
128.55,140.91,152.05,161.30,170.85,180.75,186.72,194.16,198.82,202.47,207.29,211.38,214.84,217.04,221.74,224.96,231.70,235.79,237.74,241.27,244.43,250.28,254.61,259.49,260.32,262.73,262.39,263.91,259.00,255.16,252.44,246.22,241.30,237.93,231.97,227.95,225.23,218.96,215.61,211.02,205.24,200.86,193.46,189.50,185.32,176.10,167.60,157.05,149.81,139.46,130.10,119.10
129.36,143.42,151.83,160.86,171.21,180.89,186.17,193.49,198.70,203.19,208.60,213.08,215.80,219.01,222.77,225.38,229.26,235.08,240.15,241.07,246.29,249.06,254.02,257.00,259.24,262.26,259.54,259.28,256.05,251.03,248.29,242.20,238.07,232.56,228.63,223.45,220.99,215.23,211.43,206.39,200.26,196.73,189.95,183.73,179.47,171.54,166.14,156.01,148.31,136.74,127.88,115.69
128.43,142.76,153.03,161.93,171.14,179.43,187.13,194.91,199.49,202.79,206.77,214.25,215.76,217.91,220.00,222.69,227.48,232.40,237.72,235.31,239.64,243.65,249.30,252.10,252.48,259.06,257.44,252.20,251.03,249.42,242.43,236.28,232.96,231.66,229.38,222.78,216.61,210.47,207.87,207.87,201.38,193.29,190.07,183.73,179.01,171.16,163.37,154.95,147.79,138.00,126.02,115.95
129.52,140.98,148.82,160.33,167.59,177.07,182.16,187.61,190.60,195.53,198.25,202.61,205.43,206.71,208.90,210.23,215.74,220.08,222.89,225.84,226.37,232.24,236.59,240.92,245.23,249.23,250.06,248.32,250.06,245.60,244.90,238.02,234.79,235.41,230.29,226.61,223.59,217.68,214.76,210.34,206.71,200.25,196.21,191.42,186.27,177.49,168.62,162.61,151.24,142.34,132.09,119.64
132.94,147.47,154.05,164.69,173.36,183.81,185.87,195.27,197.57,201.55,206.29,209.89,212.17,212.42,213.93,218.83,222.46,226.74,230.67,232.11,236.78,241.25,247.23,248.68,254.44,263.19,259.94,254.03,255.49,253.29,250.32,244.62,242.26,238.76,237.36,230.42,228.25,219.92,218.06,214.98,209.61,205.06,201.21,194.40,191.98,181.91,175.29,164.01,155.65,144.42,134.18,120.51
130.73,145.50,153.12,161.82,169.81,179.21,183.84,191.51,194.49,197.50,200.17,206.40,208.66,209.02,212.05,215.14,218.33,224.80,227.44,228.89,233.93,237.12,241.12,245.05,249.58,254.83,256.38,249.55,250.05,245.46,243.82,237.81,235.61,233.57,228.53,224.62,219.21,213.71,211.87,208.27,205.08,197.01,193.63,186.81,183.05,172.28,163.49,156.39,149.31,139.79,125.69,115.28
136.89,152.69,161.23,170.47,179.74,190.13,197.41,203.73,208.02,211.97,215.82,221.10,223.90,223.13,229.17,229.96,237.15,242.22,244.13,244.97,248.82,255.03,257.99,263.14,266.91,271.45,270.18,268.21,268.49,264.80,260.77,256.13,253.57,249.24,247.41,240.84,236.69,231.40,228.78,224.36,220.01,214.57,207.63,200.56,196.58,186.25,177.63,167.86,160.70,148.22,136.21,123.65
128.72,139.12,146.70,155.29,162.96,171.06,175.89,180.11,182.46,184.95,191.38,192.59,194.26,198.76,201.56,204.92,208.57,210.79,213.55,221.06,223.26,229.05,231.46,238.72,241.03,246.79,250.40,247.88,247.34,242.99,244.17,238.37,234.83,232.14,227.44,223.14,219.23,212.85,209.99,203.12,199.48,195.39,186.95,180.94,177.63,166.69,159.20,149.97,140.47,131.47,120.34,109.38
133.33,147.76,160.44,169.31,178.19,190.00,195.50,205.29,209.31,214.77,218.83,223.65,227.98,229.40,233.38,237.01,240.05,248.21,248.60,251.41,255.08,260.46,263.79,270.23,271.35,273.00,273.76,270.80,270.22,265.07,265.05,254.72,254.05,250.26,244.61,240.85,238.03,231.92,228.63,222.23,219.02,212.53,207.06,200.53,195.03,186.59,178.10,169.85,162.00,151.54,138.60,127.22
135.76,152.43,160.80,169.31,180.80,192.09,195.60,201.53,206.93,209.04,216.18,218.34,221.42,221.42,226.27,228.53,229.11,236.58,237.78,240.07,242.66,247.81,248.77,254.49,257.61,258.09,259.89,257.56,256.16,250.86,250.50,244.40,241.55,236.37,233.86,229.17,226.81,221.04,217.57,213.40,208.33,202.71,196.06,190.10,186.32,177.89,170.99,160.75,151.03,141.65,129.88,120.10
138.60,153.72,162.96,173.00,182.92,193.04,197.49,203.65,206.63,209.91,213.79,217.22,222.71,223.45,226.29,228.40,230.05,237.59,237.12,238.40,242.22,247.36,249.61,252.30,254.20,258.86,259.92,254.37,252.72,248.39,244.59,238.37,235.32,232.85,229.01,222.12,219.97,214.67,211.29,206.97,204.57,197.37,190.37,184.32,180.80,173.95,164.62,155.65,148.76,138.31,127.61,116.93
145.72,160.88,172.29,181.41,190.39,200.47,206.42,212.08,213.34,219.57,222.16,224.90,226.43,230.06,230.77,234.72,236.35,242.64,245.38,247.21,251.22,256.09,258.96,263.69,267.05,270.60,267.42,262.49,261.64,256.27,255.13,248.56,243.24,241.68,235.94,231.95,226.56,219.42,219.80,214.62,212.85,203.53,200.56,192.57,187.43,179.42,169.30,161.30,153.94,143.00,130.36,119.42
144.36,159.24,167.36,177.77,186.63,197.19,203.30,207.78,211.44,214.16,219.48,221.82,224.66,224.62,228.37,232.13,232.49,237.74,243.58,244.39,249.26,252.67,256.16,260.55,265.17,263.62,264.89,263.32,261.54,256.77,253.27,248.94,244.98,239.17,235.77,231.77,229.96,222.07,219.35,212.51,208.78,206.29,197.10,190.26,186.76,178.84,172.00,162.09,152.01,140.58,131.47,119.10
138.00,152.55,162.48,173.22,180.00,190.16,197.85,204.63,205.64,210.72,212.73,218.19,219.65,220.51,221.98,227.18,231.14,236.14,239.73,239.70,244.52,250.50,254.85,259.79,261.91,263.93,265.01,260.45,256.31,254.33,250.35,243.79,237.69,237.01,232.02,226.37,221.35,214.39,211.01,208.87,203.25,198.31,191.77,185.95,182.33,171.60,163.23,155.86,148.76,138.35,127.44,115.94
137.20,150.86,161.12,171.03,179.74,190.21,195.36,203.09,205.62,210.05,214.71,219.46,222.41,221.95,224.85,231.09,232.36,239.38,241.59,241.03,246.56,251.10,254.69,261.49,260.10,265.00,265.19,257.50,257.26,251.29,247.70,241.10,236.24,233.48,227.61,221.46,216.62,210.24,207.28,203.19,199.30,193.57,189.04,180.97,179.00,168.94,159.38,152.07,144.39,135.42,124.85,113.70
143.93,158.15,168.29,178.10,186.34,195.43,204.35,211.54,215.86,218.39,223.45,226.49,229.12,229.46,234.01,234.83,240.42,244.18,248.73,251.03,253.65,258.09,262.98,265.92,267.52,273.47,270.33,265.20,263.07,259.51,255.72,247.78,242.74,241.07,235.34,228.04,225.14,216.02,213.59,211.23,204.84,199.86,192.84,188.04,183.71,172.63,164.01,155.32,146.37,137.09,126.00,113.32
126.50,139.52,148.95,157.71,165.60,174.47,178.33,186.19,190.43,193.30,195.87,202.61,202.23,204.19,206.31,211.63,214.72,220.41,223.14,223.38,226.29,231.37,232.88,236.41,237.26,242.62,240.31,233.64,233.45,229.00,223.04,218.22,212.13,212.14,206.93,201.12,197.08,190.07,186.78,185.04,180.50,174.06,169.07,163.37,160.37,149.93,143.18,134.71,127.26,118.07,109.90,98.98
124.31,137.54,147.18,156.70,163.57,173.05,177.80,185.13,189.65,193.33,197.43,202.20,203.65,206.24,209.88,212.88,216.67,221.96,223.59,223.44,228.53,231.80,237.43,237.86,241.01,242.16,239.01,234.44,230.08,225.57,222.38,215.52,210.28,204.83,202.47,196.51,192.17,187.72,182.94,179.20,175.82,169.12,164.12,160.02,154.94,146.73,140.86,133.27,124.54,117.61,106.45,98.99
138.05,149.91,160.03,169.20,176.46,185.00,190.13,197.57,198.71,205.06,205.53,211.93,213.83,215.23,219.02,222.45,227.07,235.38,236.04,236.44,241.57,246.00,252.00,256.73,258.44,267.15,263.90,259.70,261.01,256.52,253.54,248.00,244.23,245.29,239.72,233.50,226.95,221.42,216.93,215.23,211.62,200.16,197.52,191.15,184.72,174.29,165.44,155.23,147.49,135.95,124.23,113.04
144.22,157.58,164.15,175.90,184.17,195.48,195.92,203.87,203.67,209.12,211.01,213.59,217.22,216.91,223.27,223.19,225.89,230.85,233.00,233.31,238.43,242.00,244.81,252.23,255.05,257.41,257.51,254.00,253.39,250.53,247.20,243.58,240.33,234.68,232.05,226.81,225.74,220.41,217.00,210.09,208.08,203.04,195.76,190.97,185.04,176.98,168.96,160.29,151.61,140.04,132.82,121.81
145.01,156.35,159.51,163.95,172.00,176.38,178.37,176.40,174.77,174.43,176.07,177.54,175.31,175.24,175.57,176.30,179.30,179.61,183.39,184.57,186.46,190.92,196.64,200.24,206.32,213.01,228.95,226.61,232.40,229.73,231.01,229.16,227.32,227.13,222.00,219.60,215.41,209.38,208.02,202.62,199.37,192.04,185.78,180.94,176.41,165.19,158.05,149.38,139.71,130.03,119.64,109.93
154.57,171.23,177.80,186.99,195.49,203.42,207.51,209.90,208.60,210.47,212.23,214.80,214.80,216.41,217.02,217.18,222.32,223.99,228.56,227.38,234.83,236.32,243.31,248.85,251.03,254.64,252.03,246.61,244.90,238.90,232.48,229.12,221.38,220.81,214.45,205.97,201.95,195.93,192.76,188.09,181.47,173.25,166.72,161.03,155.03,146.99,138.85,130.43,123.13,112.29,107.45,98.23
145.52,160.65,170.00,179.07,187.38,196.50,201.85,207.18,213.22,213.68,219.00,220.76,225.25,224.24,227.79,231.49,232.95,235.76,238.46,242.74,244.86,250.41,252.45,257.96,260.65,261.81,261.66,259.28,256.12,250.25,245.64,244.24,234.30,232.12,221.90,216.69,212.19,205.65,201.42,192.88,184.56,180.71,171.27,166.77,160.15,147.72,140.66,132.46,126.25,114.95,106.17,95.88
142.87,158.11,164.35,175.29,183.10,193.21,197.61,202.83,209.04,210.58,213.10,219.43,221.69,223.02,223.43,226.08,230.65,235.24,235.67,240.47,240.80,245.81,249.06,252.06,254.52,256.76,253.51,246.50,244.59,235.05,233.00,226.14,216.60,210.61,201.68,197.43,194.52,186.63,181.23,172.54,167.86,162.79,154.04,148.22,142.20,132.38,126.89,119.04,111.88,106.57,96.80,86.56
138.19,149.31,157.10,166.17,174.35,183.52,190.60,196.70,198.44,204.41,207.79,212.46,217.86,216.95,218.87,223.81,229.84,233.42,237.17,236.28,241.31,245.38,247.95,251.41,252.10,256.16,253.66,243.15,241.21,234.54,230.33,223.60,212.49,210.79,203.21,196.04,189.84,180.87,177.00,174.41,169.01,163.98,156.78,151.24,146.70,136.09,129.07,122.07,114.59,107.48,96.90,87.09
130.12,142.05,147.76,157.94,164.07,175.33,178.88,185.01,186.87,192.85,197.85,200.17,205.28,205.73,207.96,212.45,216.30,219.48,222.95,222.65,227.71,229.99,231.87,236.12,234.03,238.67,235.59,226.82,223.14,216.11,213.88,204.43,198.25,196.74,188.27,181.84,175.96,168.60,163.69,163.23,156.92,151.33,145.67,142.64,137.74,130.83,125.10,117.75,108.46,102.18,95.29,85.15
146.34,159.38,169.53,177.87,188.90,196.01,203.93,210.49,212.72,217.39,224.54,226.36,230.08,230.49,234.97,237.76,241.30,242.99,247.41,248.29,251.01,256.60,256.30,260.32,258.55,262.21,258.21,252.39,247.51,240.42,232.71,229.40,218.33,213.79,209.97,204.79,201.73,195.85,193.79,188.31,184.33,181.99,174.48,170.99,169.26,160.70,155.31,147.71,139.01,128.39,121.21,107.62
142.30,152.74,156.60,165.21,173.62,179.72,184.39,186.82,189.20,191.72,198.01,198.93,201.73,201.79,205.41,206.55,209.46,214.13,216.67,215.29,218.89,221.38,223.09,229.48,229.58,237.15,246.13,237.69,241.30,235.05,234.34,226.92,224.40,224.96,220.47,217.95,212.81,209.16,210.34,208.78,205.36,201.76,193.71,189.40,186.20,175.84,168.58,159.48,151.61,138.03,130.25,117.55
114.97,124.10,130.60,135.42,135.86,137.44,136.47,134.83,134.62,134.30,132.19,132.31,127.66,123.44,116.30,110.16,105.36,89.59,83.63,61.35,42.01,47.10,57.31,67.27,74.67,89.02,107.70,115.39,119.33,125.10,130.15,136.82,146.51,147.26,152.63,153.40,154.04,155.82,157.92,167.26,167.17,167.61,163.75,162.93,163.71,158.76,155.56,149.93,142.24,132.94,126.85,112.02
134.26,147.26,152.40,154.04,151.82,144.96,144.25,137.20,131.03,131.73,132.54,127.48,126.67,124.62,124.40,117.72,112.41,110.11,104.29,102.59,93.48,88.65,86.83,87.78,91.92,103.48,125.64,136.33,142.87,161.45,176.21,183.14,200.38,205.14,206.69,211.95,210.54,208.54,207.12,209.12,207.46,204.68,196.92,192.61,190.65,181.81,173.54,164.05,156.39,144.31,136.01,123.97
23.35,27.29,48.10,65.25,88.96,107.42,124.33,149.47,161.30,170.01,177.39,184.11,191.56,194.49,199.36,206.52,207.99,217.70,222.32,227.97,233.99,239.91,247.20,253.88,257.86,266.19,263.80,255.48,252.13,247.81,237.69,229.27,213.60,208.19,196.16,190.31,179.37,172.80,164.98,156.28,149.16,138.22,127.62,115.41,104.29,73.50,57.58,42.58,30.27,25.08,18.36,17.46
38.12,45.34,61.66,82.46,101.18,117.18,128.02,150.21,159.40,168.55,174.29,180.69,187.30,189.50,194.14,198.22,200.02,209.07,213.78,218.34,228.62,230.98,238.54,243.21,247.10,252.79,261.12,254.33,254.28,247.68,242.89,238.41,233.23,229.46,226.18,219.27,212.06,209.61,206.90,199.86,196.57,188.09,183.36,176.14,172.31,158.71,147.65,137.19,127.95,116.35,104.12,92.80
158.71,174.42,186.82,197.43,205.91,216.60,220.74,227.11,229.69,232.03,235.87,240.05,242.02,243.52,244.02,249.01,251.18,253.39,259.03,257.60,255.67,256.68,255.64,255.81,255.38,248.94,225.98,212.81,204.28,192.82,183.12,168.76,154.25,148.72,141.41,136.62,130.59,125.90,121.66,113.75,110.22,106.17,98.60,90.76,84.01,72.92,65.31,57.14,48.47,41.04,29.83,24.52
163.69,180.18,193.85,204.75,211.47,221.27,228.72,235.10,237.55,239.63,244.29,247.61,250.52,250.84,251.85,255.41,258.25,258.54,266.28,263.21,260.02,258.60,258.99,258.04,256.84,249.51,221.82,208.89,201.06,187.30,177.34,161.61,146.22,143.45,134.71,131.00,123.97,121.49,115.11,110.49,106.47,102.36,95.13,88.24,81.93,71.78,64.38,55.47,48.37,39.56,28.43,25.32
151.17,167.59,177.55,192.51,198.12,209.57,216.21,223.78,228.40,231.77,235.03,238.08,241.21,239.10,239.61,242.99,243.68,245.13,248.13,248.02,242.79,243.30,241.03,236.46,234.93,228.57,212.91,200.42,191.82,182.49,171.01,159.70,139.85,128.86,117.15,103.08,93.23,86.98,83.74,83.20,81.60,81.32,81.79,78.92,77.23,73.41,71.59,70.18,68.51,65.74,61.29,54.38
157.17,173.95,183.17,194.13,204.39,210.28,212.91,217.47,221.92,221.95,223.89,226.13,223.79,222.14,221.47,226.00,224.59,221.38,224.88,219.15,211.60,211.80,207.17,204.96,194.54,192.04,170.18,161.25,149.72,135.34,123.04,105.99,83.10,66.29,57.25,43.66,33.24,22.83,27.59,40.61,50.48,60.73,68.01,75.61,76.38,83.05,83.01,82.04,81.93,78.23,77.10,67.74
157.28,171.69,183.85,192.20,200.14,210.05,212.95,215.56,216.84,217.67,214.22,216.39,217.48,213.18,214.03,215.47,212.20,213.04,213.18,208.27,202.87,201.02,194.28,194.24,188.73,180.14,164.18,157.38,149.63,138.22,128.32,116.35,103.85,93.11,89.04,81.06,76.38,75.93,74.63,84.53,89.56,89.20,99.30,99.32,98.31,102.26,99.04,96.90,94.20,93.62,86.59,81.61
96.77,112.61,121.64,134.24,148.01,160.08,169.10,184.20,192.84,197.31,206.62,213.06,221.18,224.52,229.17,238.05,239.93,248.45,250.59,256.60,261.48,265.38,268.96,271.04,274.22,276.24,274.53,265.75,265.20,257.39,256.55,246.40,234.93,231.23,218.04,211.40,208.93,196.13,187.75,178.90,172.74,165.50,156.92,149.16,145.84,135.62,132.70,124.33,115.69,108.25,100.72,91.05
88.09,100.18,110.29,122.41,133.23,143.21,151.21,163.72,170.48,178.06,184.17,188.94,196.79,201.80,200.19,209.09,211.29,215.98,219.97,225.36,228.12,229.84,233.24,235.84,235.60,238.08,235.55,228.78,225.20,220.23,212.95,205.92,197.04,189.00,179.61,172.79,166.14,156.00,150.57,140.36,134.62,127.53,121.06,114.42,111.83,105.59,101.43,96.51,90.82,84.29,80.99,71.03
104.31,120.81,129.83,144.53,155.05,167.36,180.83,193.54,203.04,208.08,214.61,222.85,230.53,235.08,235.44,244.75,250.23,254.09,261.08,266.05,269.71,272.62,274.34,272.55,276.74,278.68,271.91,264.77,262.29,250.89,242.27,236.02,218.39,210.01,193.62,181.43,174.62,164.01,152.64,136.37,131.80,120.35,115.28,104.69,102.11,91.24,91.93,87.66,80.62,75.93,71.34,65.80
92.23,112.06,128.00,141.40,152.32,165.95,173.48,188.45,196.73,200.81,210.00,216.67,223.04,229.40,229.37,239.43,241.62,248.47,254.76,258.07,259.49,263.40,266.12,268.81,268.75,272.15,266.92,258.85,253.67,244.90,236.13,224.96,206.48,197.99,188.06,175.57,162.79,151.61,138.61,127.81,114.62,103.00,95.19,84.00,78.77,65.73,65.00,61.29,60.01,59.41,56.46,54.04
86.68,97.94,107.12,120.33,128.76,140.94,148.12,165.70,173.40,181.84,188.90,196.88,204.35,206.70,212.15,220.49,224.47,230.00,236.55,238.02,243.00,248.81,253.93,256.02,255.56,259.60,250.24,245.40,242.29,234.47,227.47,214.24,202.94,198.59,186.68,175.80,162.78,153.59,143.42,131.49,116.50,106.51,97.64,96.52,90.71,81.01,75.93,71.31,69.03,68.01,60.14,54.23
83.20,94.83,106.40,120.15,125.14,138.64,147.90,164.48,170.99,180.07,191.88,198.30,207.47,210.30,216.10,220.19,225.88,232.08,238.80,243.53,247.50,253.03,255.20,258.36,259.92,261.59,257.70,250.80,244.61,238.32,228.71,220.05,206.70,198.00,187.93,178.91,168.47,159.03,149.97,145.67,135.56,127.00,121.26,118.80,112.54,105.85,99.04,91.76,89.36,82.86,72.95,67.60
74.81,84.15,94.05,111.09,120.00,131.31,136.56,151.12,159.82,169.73,176.88,187.13,193.85,196.31,202.71,210.11,213.23,221.78,228.88,232.33,235.92,240.51,245.75,249.09,253.05,255.07,252.23,247.49,243.39,236.91,229.73,221.17,210.58,206.12,200.20,192.17,183.46,177.28,168.32,163.29,155.63,146.16,138.22,132.92,126.92,118.51,108.81,101.64,94.92,91.27,84.31,78.26
90.09,103.81,114.86,125.10,137.28,147.67,157.50,172.19,179.69,188.10,196.33,203.73,209.90,215.20,218.59,229.17,233.40,237.41,244.18,245.34,249.18,256.07,259.65,261.54,264.01,265.66,264.52,257.30,253.72,245.17,239.75,233.62,221.88,220.47,211.06,204.02,198.11,192.46,185.71,179.45,174.35,170.19,161.40,155.60,151.22,140.92,134.30,128.55,119.27,113.02,104.75,96.33
102.77,118.46,131.23,143.84,151.48,165.00,175.51,191.60,200.52,209.09,215.94,225.89,230.12,234.80,239.53,246.17,253.66,261.01,267.42,268.92,275.36,279.47,283.60,285.95,288.76,291.97,290.06,279.93,276.38,269.68,260.86,256.16,243.23,241.25,229.94,223.26,213.53,207.33,202.77,197.57,190.80,182.73,176.14,170.84,167.43,152.82,147.53,140.03,135.03,126.21,115.12,107.08
109.64,122.71,133.09,143.17,158.04,168.08,179.29,194.64,201.21,209.02,217.89,224.27,230.18,237.78,241.83,248.34,254.26,261.03,265.58,267.79,276.13,281.46,287.45,289.66,293.06,293.85,289.79,283.75,280.79,273.23,267.55,260.22,248.56,242.10,233.49,223.39,217.04,213.36,206.62,201.81,193.04,187.01,180.25,175.51,168.76,156.00,147.41,139.79,131.65,122.70,113.00,103.46
112.00,124.78,134.54,148.19,160.43,171.47,181.22,196.88,201.80,209.30,216.68,225.74,234.00,239.73,243.00,246.98,255.77,265.59,269.18,271.02,277.71,284.43,286.70,292.21,294.68,294.91,293.16,286.57,281.95,275.39,269.24,261.34,251.64,247.52,237.56,228.62,221.60,219.00,213.01,205.68,200.04,193.79,183.96,179.01,172.54,159.08,150.22,142.80,135.09,125.16,115.52,106.00
101.64,115.38,127.61,139.01,146.49,159.41,169.33,186.60,192.01,199.90,203.03,210.24,216.17,221.05,225.87,232.33,236.21,245.35,251.02,250.06,256.78,263.23,268.88,271.39,275.68,275.36,274.05,266.63,262.09,256.70,251.32,244.01,233.56,232.00,224.20,215.56,208.60,203.02,200.45,193.21,191.17,180.07,175.68,172.05,164.58,152.97,143.76,135.92,130.98,123.00,111.04,102.16
97.98,111.02,121.43,132.91,143.89,155.00,165.41,178.10,185.00,191.01,197.04,205.81,211.30,217.31,220.31,225.58,230.41,239.06,243.25,245.73,253.21,258.09,262.73,265.05,267.09,266.48,265.00,258.80,256.60,248.72,244.56,236.30,226.89,223.45,216.45,209.76,202.12,194.16,189.62,184.72,178.93,171.84,164.01,156.04,151.43,140.94,136.06,127.20,118.81,109.55,101.98,93.21
102.00,117.39,129.40,140.53,152.55,163.49,173.62,189.76,196.16,203.84,210.00,217.15,224.40,231.82,235.26,243.48,246.56,255.73,260.89,262.23,267.94,276.13,279.03,280.82,284.45,283.99,284.51,278.88,274.84,266.93,261.35,254.59,245.58,240.15,233.42,227.22,219.17,210.43,207.24,201.72,197.52,184.46,180.71,172.80,167.63,157.01,148.00,139.63,130.70,122.58,110.64,103.59
95.08,109.12,119.33,129.63,143.81,154.92,165.87,179.00,187.88,194.83,202.41,210.52,217.57,223.45,226.37,232.71,234.61,244.09,248.81,253.25,258.63,263.19,267.28,268.75,271.81,273.65,271.49,264.34,263.96,257.51,251.88,242.85,236.28,229.48,227.78,221.12,215.23,208.41,205.04,196.47,193.51,186.12,177.02,171.23,168.00,156.02,150.42,141.50,131.49,120.07,110.92,102.45
97.10,109.84,122.80,134.71,143.63,158.09,171.01,187.49,196.40,207.24,211.56,222.41,229.34,232.96,236.14,245.42,248.65,256.46,263.07,266.29,270.80,277.50,281.71,283.54,285.01,289.39,288.95,278.36,276.18,272.05,264.32,254.12,244.80,244.18,238.02,229.58,222.61,216.06,210.77,206.07,199.97,191.63,185.71,178.28,174.87,160.65,155.72,144.25,137.77,128.38,113.07,104.24
92.44,104.80,117.69,130.00,141.16,154.90,166.01,185.05,192.85,201.84,209.75,220.29,226.10,232.80,234.98,242.05,249.65,256.91,262.25,264.14,269.98,277.04,281.26,284.61,286.28,286.78,285.72,281.68,279.95,269.85,266.72,258.12,247.34,244.18,236.02,230.78,225.00,219.04,214.73,208.22,202.19,193.79,188.68,181.75,176.07,167.51,158.15,149.16,140.00,131.55,115.69,108.21
84.02,96.54,104.92,116.50,130.38,141.23,150.23,167.00,174.91,182.40,193.42,197.34,203.93,210.74,212.20,220.05,226.06,230.85,234.62,238.42,243.40,246.46,250.06,251.32,253.66,254.02,251.18,245.17,242.94,233.35,230.36,221.94,211.21,207.62,198.60,191.88,188.45,183.66,179.77,173.42,167.11,162.52,155.35,152.16,147.14,137.77,135.09,125.92,117.69,109.04,100.21,91.92
96.33,112.71,122.89,133.84,147.23,161.97,170.07,193.50,199.49,211.04,221.05,226.37,234.89,237.74,242.44,250.17,256.97,263.17,264.40,268.29,272.25,279.43,283.05,282.70,284.61,283.64,280.59,277.61,271.12,262.59,256.76,247.25,237.54,230.23,223.86,217.00,211.63,204.22,199.12,194.62,189.40,182.79,173.61,169.92,164.00,155.24,150.21,138.92,131.61,123.04,112.93,104.14
96.57,111.40,125.22,136.13,146.18,162.86,176.78,190.63,203.42,208.97,216.33,223.04,228.96,233.32,238.21,246.14,248.16,252.25,261.54,260.77,263.47,268.56,267.03,269.07,270.51,268.40,263.80,256.34,249.29,242.00,234.34,222.80,212.21,207.52,199.38,189.59,182.94,177.00,168.68,166.34,162.03,152.49,147.28,145.80,140.73,133.20,126.15,119.95,114.13,105.26,96.21,87.66
105.60,120.07,131.03,145.06,158.69,169.55,181.59,198.85,208.00,212.34,221.16,228.08,234.02,237.81,242.00,246.98,252.98,255.23,260.66,263.37,263.77,267.42,266.09,268.47,270.28,268.26,258.77,252.61,245.03,234.98,229.14,217.71,204.71,192.98,186.30,175.57,169.66,163.36,156.89,149.48,143.59,137.62,131.55,129.76,124.26,119.64,112.75,106.02,102.53,96.01,85.15,80.06
117.52,136.01,148.76,160.75,171.83,187.56,195.37,212.30,218.30,227.41,235.15,242.51,249.58,250.93,259.11,265.75,271.28,277.42,282.21,282.45,282.25,289.39,289.85,292.33,291.00,286.81,268.78,259.22,251.31,234.48,218.24,193.79,145.67,122.78,96.54,87.82,81.10,75.39,74.25,70.26,67.03,73.74,69.43,72.62,72.17,75.59,75.17,74.65,75.50,68.60,67.27,61.10
116.81,132.31,144.59,157.88,167.06,181.60,190.52,206.55,212.43,220.68,228.53,235.76,242.42,243.95,248.71,256.53,259.86,266.24,271.49,272.66,273.02,278.30,276.88,280.98,277.28,272.62,256.31,248.48,241.22,222.39,207.24,184.33,139.18,116.06,89.94,82.30,73.41,67.68,64.94,63.25,62.27,65.73,63.60,65.00,65.30,67.74,64.50,65.38,68.59,64.12,61.52,56.89
129.00,145.10,158.42,173.10,183.00,199.25,207.45,223.91,228.19,239.35,243.45,252.42,257.75,258.91,263.71,270.82,273.70,281.30,282.93,284.02,285.95,289.35,285.45,288.42,286.92,281.52,265.80,255.01,248.65,230.21,214.96,192.08,139.29,105.80,64.20,34.18,8.54,8.06,20.22,29.12,33.73,43.32,53.25,51.48,56.32,62.63,65.51,67.90,71.20,70.58,68.82,65.38
120.42,136.57,148.49,161.53,170.85,186.01,193.96,207.46,212.00,222.75,228.66,236.00,243.00,241.85,246.87,256.33,257.61,263.83,269.08,271.02,268.70,272.26,272.24,274.25,271.80,267.42,246.98,231.05,219.87,198.16,174.92,135.42,65.49,45.12,31.24,28.44,35.36,37.20,42.06,49.09,51.24,57.69,56.86,60.30,59.93,69.58,68.60,66.48,69.81,69.23,67.68,60.88
127.78,143.59,156.31,169.45,181.12,193.09,202.41,219.16,222.04,233.62,240.45,247.65,255.16,254.61,260.32,266.92,268.00,275.61,280.92,280.18,280.01,282.39,285.20,283.18,279.96,275.26,254.43,233.26,215.71,186.10,156.60,119.54,57.28,39.05,32.76,38.21,42.72,49.82,52.95,55.90,61.03,64.85,65.07,69.64,72.86,77.88,75.96,77.47,78.55,75.69,78.55,70.18
147.50,159.03,166.48,173.29,180.01,182.52,183.58,182.16,182.73,181.11,180.43,178.37,179.82,174.73,171.28,171.83,169.01,167.26,167.84,163.08,154.32,153.06,149.86,147.56,146.37,148.60,145.84,149.12,158.47,168.34,175.65,193.19,211.26,218.11,221.64,218.29,211.29,212.25,205.91,207.64,202.54,195.02,193.10,184.59,180.02,166.48,160.70,147.05,135.48,124.20,115.45,101.12
144.22,157.94,163.84,170.99,175.09,176.65,179.45,179.04,176.79,175.55,177.25,174.14,173.29,168.43,169.01,166.40,165.85,161.45,162.98,158.40,149.80,148.12,142.34,143.54,136.03,132.31,140.43,145.25,153.39,168.15,186.70,199.28,218.39,220.23,220.29,218.71,214.40,212.93,207.23,205.41,199.74,196.40,189.02,185.30,178.03,165.17,156.78,146.77,138.05,126.10,109.49,98.43
145.73,157.66,167.43,171.74,178.64,181.07,181.04,182.26,179.18,178.76,179.03,172.35,177.23,172.73,173.85,172.17,174.39,168.86,172.41,168.67,162.64,163.00,165.25,175.33,180.08,184.05,192.13,208.73,217.64,225.61,229.96,226.61,227.68,226.42,222.38,221.98,215.13,214.11,208.85,205.55,201.25,197.95,188.28,183.21,177.87,163.31,156.85,141.99,134.48,125.42,108.42,97.62
132.97,140.04,145.42,149.78,157.20,160.53,158.52,157.10,155.04,154.38,159.59,157.20,153.83,152.84,148.22,147.00,147.03,144.18,145.53,141.20,130.97,124.40,115.00,105.42,88.65,54.41,127.05,170.05,193.54,205.88,208.40,210.92,213.88,216.62,215.00,211.60,208.15,209.75,203.71,203.57,199.46,191.05,184.56,181.95,172.05,161.92,151.65,139.20,128.69,120.51,104.08,92.97
126.12,135.06,139.30,143.59,146.32,152.08,153.06,149.20,149.25,148.31,146.77,149.21,146.78,145.77,144.59,144.84,145.50,144.37,140.01,144.37,136.03,142.80,139.18,148.01,162.54,174.81,196.87,199.42,206.06,208.14,209.66,208.91,212.56,215.86,212.51,212.94,207.28,203.74,204.88,198.43,194.81,188.49,182.60,174.01,167.62,154.43,144.67,134.12,120.93,112.02,100.72,86.40
110.75,123.97,130.10,138.25,141.48,142.84,139.62,142.13,147.80,145.89,153.52,148.41,151.16,152.32,147.01,146.51,146.01,145.21,148.17,153.42,163.00,171.72,174.90,185.91,192.09,204.86,214.04,211.09,216.33,216.02,217.80,217.81,217.83,216.27,212.78,213.84,210.06,207.51,204.97,198.54,194.83,189.62,179.88,174.18,168.16,151.08,142.01,129.99,117.18,108.34,95.21,82.98
101.53,109.20,114.42,117.44,120.54,122.26,122.87,123.69,123.37,124.45,127.14,130.46,129.29,129.40,135.15,137.67,140.66,142.58,148.79,151.83,158.90,167.20,172.53,175.24,185.43,187.58,193.60,196.46,198.22,199.72,200.53,198.76,198.12,201.72,197.71,198.04,192.92,191.76,190.16,186.66,185.41,176.24,170.24,163.48,157.72,143.01,133.41,120.93,110.68,100.66,87.97,76.32
106.94,122.07,130.25,138.83,152.84,163.08,173.05,184.62,192.57,197.04,207.86,212.84,216.27,221.38,222.41,228.40,227.25,233.57,236.41,236.80,234.92,240.13,236.97,237.62,238.89,235.16,225.44,219.86,215.60,208.83,204.98,197.49,187.80,185.15,183.45,180.27,178.24,174.89,172.82,167.29,168.59,165.42,159.38,159.00,156.17,151.61,148.49,141.68,135.72,127.94,123.20,112.00
105.02,119.85,130.80,141.23,154.81,169.53,175.80,183.17,193.15,199.06,208.35,214.11,221.17,225.89,223.29,232.36,234.47,238.52,239.64,241.51,244.03,247.25,249.72,249.61,247.03,247.74,240.25,235.65,230.60,224.32,219.66,210.61,200.17,194.26,190.38,186.12,182.06,178.21,176.78,170.66,169.54,166.47,160.33,160.59,155.93,152.40,146.44,140.23,132.85,127.56,119.37,109.84
107.63,120.81,130.46,140.87,153.52,163.88,172.29,183.33,188.66,195.36,206.29,209.55,213.70,217.41,218.33,222.61,227.73,229.92,233.42,236.35,235.48,238.67,244.20,242.77,244.36,243.82,235.16,233.00,225.40,219.67,213.78,203.80,197.09,189.62,186.82,179.63,174.11,171.75,167.72,163.44,163.38,158.62,152.45,151.33,147.65,142.36,139.46,132.31,125.54,119.10,111.89,100.98
117.89,133.76,147.09,159.40,170.84,183.33,194.51,207.87,216.30,221.07,230.05,239.28,242.54,245.96,248.34,252.52,257.67,261.58,265.86,265.93,266.92,269.45,272.15,271.69,271.59,274.57,267.64,255.64,251.98,244.03,237.05,223.89,214.76,208.37,203.80,196.82,190.37,183.31,180.22,177.72,174.45,165.85,163.59,160.23,153.65,147.96,144.01,137.01,131.19,125.94,116.42,105.12
116.09,135.72,146.24,157.38,168.80,181.10,189.42,204.02,209.03,217.02,225.50,232.43,236.92,238.08,246.38,251.37,256.72,262.76,268.22,268.29,272.16,277.82,278.83,280.59,280.36,280.46,272.80,266.18,260.71,250.46,242.46,231.23,218.82,212.85,202.04,192.94,182.02,177.61,165.01,153.50,144.81,137.23,129.10,122.92,114.91,117.02,133.56,133.99,117.15,106.78,101.12,93.41
118.41,133.09,144.06,155.22,167.72,178.04,188.16,198.60,206.58,212.12,221.46,227.07,233.03,234.80,240.69,245.99,249.21,255.20,259.88,263.01,266.37,270.25,271.83,273.66,273.27,272.90,264.84,259.65,255.27,242.51,237.92,230.22,216.94,208.58,198.21,188.32,179.90,173.95,162.87,150.15,140.13,133.93,124.10,118.68,111.40,115.77,133.78,133.84,116.39,106.04,103.37,94.85
110.98,127.14,135.72,150.00,158.94,170.88,177.10,190.56,196.80,203.79,209.75,216.38,222.57,224.59,230.20,237.93,240.56,246.48,250.24,253.50,256.03,262.64,261.69,264.21,266.95,263.65,258.66,252.51,246.20,238.55,231.10,220.42,204.07,197.12,184.33,176.12,168.25,159.62,147.61,139.20,126.44,120.21,110.86,105.80,103.97,109.04,109.42,112.64,113.04,107.52,100.26,95.77
115.49,129.55,140.07,152.69,164.79,177.10,183.81,197.59,203.09,211.15,221.47,226.56,232.62,235.91,238.92,248.20,252.18,256.49,262.61,265.09,269.43,273.47,274.40,274.21,275.08,273.15,263.35,253.56,247.55,236.35,227.95,215.96,195.92,186.63,170.85,162.63,157.84,146.78,140.58,130.65,125.57,121.94,113.85,112.65,109.38,110.00,108.47,108.08,102.65,99.82,99.81,91.79
116.87,132.09,144.03,155.57,167.33,178.63,190.08,206.13,209.04,218.98,225.73,233.08,238.72,241.34,246.61,253.16,259.54,266.81,273.02,272.52,275.60,282.70,285.07,286.67,288.59,285.66,280.71,271.54,264.40,257.20,244.86,233.86,214.71,210.76,197.47,187.32,179.55,170.10,162.89,158.64,154.12,148.22,142.80,137.00,136.86,133.96,130.59,125.94,122.93,120.20,114.83,103.32
112.36,126.49,133.96,149.28,161.04,170.86,181.53,191.72,200.85,207.47,214.90,220.45,225.44,232.40,236.58,244.17,248.05,254.61,259.33,259.79,264.20,269.03,272.46,274.71,278.65,273.91,268.84,264.08,257.61,246.29,240.95,230.98,216.93,208.08,199.58,192.02,184.33,176.01,171.16,163.67,160.03,155.26,149.21,144.84,142.21,139.09,134.95,130.50,122.87,114.63,109.64,101.97
98.99,111.79,120.20,130.68,144.26,151.21,161.31,171.71,176.40,182.85,191.04,195.76,201.40,206.94,211.01,215.00,220.13,224.96,232.54,234.39,242.40,245.54,252.30,256.86,256.47,259.07,258.49,252.45,252.16,244.79,241.07,235.99,229.32,225.49,218.20,214.67,211.02,203.96,200.66,195.89,191.67,187.04,180.50,175.64,172.47,164.68,160.33,150.88,143.81,135.59,125.90,113.37
108.17,123.36,132.88,142.69,152.07,163.96,171.19,181.20,187.07,194.29,199.28,205.32,211.75,212.85,218.39,222.41,226.10,232.16,238.13,239.38,246.29,251.08,256.32,257.15,259.38,262.68,263.74,256.00,255.16,251.08,246.07,238.77,233.02,233.32,225.74,220.62,215.72,209.55,206.09,202.41,201.36,193.08,188.04,182.33,180.43,171.83,167.72,158.40,151.34,142.87,129.25,118.26
116.78,129.96,136.82,149.35,160.38,173.05,179.32,188.56,195.35,201.25,209.31,213.78,219.71,225.14,226.93,231.58,234.55,241.66,247.52,251.83,254.89,258.41,265.68,270.15,273.22,276.26,272.21,266.79,265.67,261.29,258.70,252.06,245.58,241.59,236.24,230.47,226.38,220.84,219.24,213.17,210.29,203.74,199.97,193.07,192.31,183.31,179.01,170.59,159.54,151.12,140.22,126.59
121.75,138.41,152.46,164.61,173.77,186.99,196.02,210.01,217.25,223.40,229.47,236.59,241.00,242.26,247.42,252.24,256.46,263.49,264.39,267.00,267.23,271.16,271.03,276.02,277.49,278.63,273.13,265.23,261.20,254.89,251.46,241.05,229.37,228.00,220.77,213.93,206.17,203.18,199.49,192.66,190.56,183.50,176.62,170.95,166.72,159.81,153.84,147.36,139.95,131.19,119.85,107.71
120.50,134.94,146.70,160.11,171.14,183.29,192.63,207.28,213.82,219.46,227.08,231.71,237.84,240.20,245.99,252.72,256.81,262.98,265.19,268.43,269.82,276.90,274.03,281.48,284.95,282.29,280.74,271.27,270.17,261.30,258.38,248.03,235.94,234.83,225.22,220.66,213.40,205.83,203.77,197.31,194.31,186.96,180.08,174.43,170.60,159.51,153.38,147.67,137.19,131.10,118.85,108.81
105.12,118.70,129.03,139.45,149.26,159.53,167.19,178.35,183.61,189.27,195.32,201.19,204.35,207.14,213.08,216.18,222.40,228.74,231.97,230.50,234.62,241.23,241.41,246.16,247.03,247.84,245.20,239.74,237.77,231.53,225.94,218.11,210.95,210.00,202.23,195.17,189.18,182.44,180.23,177.37,172.99,164.64,160.43,156.26,152.00,141.77,137.74,130.25,123.37,115.36,104.00,95.34
113.77,129.71,139.99,152.04,159.71,170.63,177.48,188.06,195.97,201.84,207.40,213.02,216.58,221.00,225.40,229.20,235.17,240.25,244.17,246.72,250.70,255.97,258.04,262.19,261.03,262.43,262.65,258.14,255.25,249.06,241.70,235.21,225.94,220.87,214.39,211.47,204.71,196.16,192.17,191.13,186.63,177.43,173.00,169.59,163.05,153.95,147.14,139.60,131.47,125.87,111.04,101.24
118.13,135.52,145.34,155.72,163.25,173.98,183.88,188.60,194.13,198.54,202.73,208.39,211.81,212.85,216.01,220.10,224.18,229.07,231.23,231.26,234.30,237.12,236.22,241.87,243.40,249.11,243.13,237.17,235.78,230.51,227.31,219.92,212.90,211.10,204.17,201.82,197.12,189.49,186.12,184.57,180.47,170.75,168.30,163.27,161.03,153.38,148.05,140.43,133.84,127.32,115.73,105.91
111.54,127.35,139.28,149.03,155.77,168.19,174.47,181.20,187.27,189.17,196.23,201.60,204.47,207.24,208.52,212.85,216.30,220.06,222.44,223.44,228.53,229.43,233.45,236.43,236.62,240.58,237.55,231.01,232.16,229.49,224.56,216.90,213.19,209.66,206.93,201.88,198.12,191.23,188.17,185.95,184.76,174.98,173.57,168.69,164.88,158.38,151.73,143.41,135.06,129.45,118.85,106.45
120.10,135.33,145.17,158.38,165.89,180.24,186.78,196.76,202.81,208.68,212.72,219.66,222.25,224.66,228.76,232.42,236.07,242.20,245.20,247.68,250.12,253.24,258.84,261.71,262.94,264.27,262.10,259.56,256.33,253.67,249.26,241.46,235.05,233.50,227.04,222.52,218.40,212.27,208.19,203.53,200.73,191.64,190.71,185.60,180.00,170.66,162.81,155.91,148.66,141.44,125.67,116.09
118.90,134.63,145.12,157.61,164.01,176.82,185.61,195.78,202.48,208.24,214.95,221.21,223.57,227.08,228.36,235.78,235.84,244.03,246.46,251.77,254.75,256.29,259.26,262.07,262.98,265.21,266.36,256.12,256.16,250.86,244.10,239.77,230.85,227.63,220.78,215.41,209.89,203.02,201.24,195.27,191.92,183.81,182.32,173.28,170.18,161.99,155.50,147.34,138.92,131.59,120.30,109.37
116.83,132.61,143.38,153.38,163.67,177.61,184.38,196.06,200.80,207.27,211.56,220.01,222.41,225.76,227.14,231.81,236.04,243.53,246.48,246.99,250.77,255.33,258.59,260.02,261.64,265.56,261.16,253.95,253.22,250.14,241.11,234.44,226.83,224.72,216.64,212.12,205.01,199.72,196.42,193.91,191.34,181.57,179.25,171.66,168.31,157.89,150.99,144.42,136.82,130.10,117.41,105.26
121.07,137.06,146.45,157.50,167.76,179.01,187.22,194.16,200.06,206.23,212.17,215.23,218.76,222.58,225.18,227.71,231.93,235.93,241.45,240.41,248.31,250.83,253.55,254.42,255.41,258.09,258.77,252.06,249.39,244.59,241.07,233.56,225.57,222.18,216.84,210.64,205.18,199.14,195.43,190.21,187.49,181.60,177.34,170.07,167.92,160.64,154.35,147.08,138.65,130.65,118.88,106.83
118.21,133.90,142.21,153.94,165.11,178.04,183.50,193.08,199.90,203.53,212.93,214.77,218.87,223.16,228.12,229.46,233.24,235.51,238.61,242.74,245.52,246.07,252.29,254.19,256.76,254.95,251.25,250.80,246.79,241.81,238.66,231.28,224.59,218.71,215.52,210.54,208.43,201.30,198.41,195.47,193.07,186.59,182.56,177.00,173.37,166.97,160.11,152.59,143.78,137.88,126.62,115.83
114.20,129.29,139.74,152.12,159.81,172.70,179.23,190.91,196.74,205.45,208.78,214.85,217.92,222.81,224.36,229.05,232.74,238.31,240.51,244.56,245.97,250.45,253.46,253.99,256.32,261.00,257.42,252.66,249.59,246.98,242.30,234.34,228.13,223.24,217.37,213.23,208.71,204.17,200.26,195.01,193.40,183.33,182.78,177.23,174.64,165.06,156.42,150.62,142.76,136.18,121.56,111.54
117.02,130.61,138.71,147.38,162.25,171.81,183.15,195.17,195.50,197.85,204.01,213.14,220.01,222.63,225.29,236.63,236.22,237.13,243.29,247.64,247.95,253.03,257.61,263.41,263.18,263.96,260.28,258.05,255.77,252.24,249.88,240.01,231.81,225.22,219.97,215.06,211.24,205.45,201.84,194.46,191.15,184.33,179.23,173.93,170.65,161.19,155.26,147.22,140.46,130.38,120.49,110.07
112.81,127.35,135.68,148.17,157.50,166.17,176.37,183.39,185.83,192.41,198.95,202.02,204.96,209.01,209.72,214.09,217.00,220.88,223.32,226.14,231.05,231.61,237.12,238.30,241.27,243.61,241.23,234.10,232.85,227.43,224.50,218.56,212.90,207.68,202.61,196.02,192.72,189.34,184.72,180.23,176.31,170.66,164.71,162.00,159.26,154.08,145.50,140.66,133.70,126.92,115.97,105.68
75.47,87.66,97.74,106.25,115.43,125.72,134.30,150.80,160.59,168.58,175.35,185.16,191.31,196.95,203.07,211.12,218.77,224.51,235.49,240.30,248.13,252.61,260.55,264.64,266.13,267.76,264.01,259.82,253.15,249.71,240.67,233.11,221.42,212.56,204.80,197.77,189.08,179.63,172.98,165.59,157.69,146.86,136.97,128.06,117.69,100.26,87.80,80.23,69.23,61.00,52.20,44.42
110.55,124.33,135.25,145.62,152.90,161.81,168.08,177.28,180.01,183.20,189.24,193.75,196.41,198.30,200.44,201.68,207.42,210.20,209.15,212.40,213.78,217.86,220.59,224.45,224.08,227.04,224.90,221.84,218.34,216.01,214.76,206.83,206.89,200.41,199.04,194.03,191.64,185.46,183.05,182.36,180.74,175.03,175.21,173.40,172.53,168.08,163.48,157.11,152.59,145.60,136.85,122.35
102.39,116.90,127.09,139.01,145.80,158.03,163.27,175.57,179.32,185.01,188.88,194.44,200.01,201.04,205.78,205.41,209.70,215.23,214.72,218.84,217.31,221.84,224.24,226.55,226.65,226.11,230.01,227.07,222.28,222.41,218.11,216.62,213.59,210.10,206.83,200.06,201.43,195.56,193.87,192.46,189.43,184.76,185.65,183.07,180.28,175.86,169.85,163.88,156.95,146.01,135.80,120.33
105.68,118.46,127.68,138.74,148.40,162.50,169.43,181.46,187.78,194.05,201.81,207.12,213.04,217.08,221.18,225.28,229.02,236.10,241.37,244.25,249.69,252.62,258.15,261.96,263.89,264.52,266.18,263.95,261.36,259.05,258.37,250.07,246.08,239.38,235.65,231.22,229.73,223.04,218.52,215.41,210.11,205.83,198.86,192.84,191.60,181.82,175.86,165.03,158.83,149.58,136.42,124.02
102.96,116.21,126.75,139.09,147.71,160.42,169.81,181.84,188.82,195.23,201.46,209.12,216.16,218.69,222.77,228.02,234.10,238.07,244.92,246.33,249.82,256.32,258.01,261.60,265.07,264.05,264.43,259.05,257.12,252.25,247.97,241.77,234.56,232.13,224.56,220.73,216.32,212.71,207.41,203.90,201.02,193.04,188.45,182.13,179.20,168.63,160.33,154.21,146.70,137.93,125.40,116.07
97.67,109.33,117.18,126.59,135.96,143.56,148.86,155.21,159.93,164.00,168.86,172.17,176.26,179.25,181.69,184.71,188.73,189.13,190.42,197.23,198.96,200.57,203.16,204.57,204.47,206.49,209.50,209.50,205.35,201.55,200.88,193.33,191.76,186.60,182.16,179.94,177.23,171.84,166.97,161.25,156.95,152.01,145.83,141.40,137.56,129.63,125.24,120.50,115.97,111.29,103.46,93.86
111.14,125.32,135.42,145.66,154.51,166.08,171.49,182.00,187.10,192.42,198.40,203.59,207.63,213.19,217.19,221.62,224.86,225.89,232.07,239.58,242.10,245.65,246.45,248.50,251.54,255.37,250.68,249.72,249.10,242.94,240.00,235.38,231.10,222.06,218.98,212.62,210.00,203.49,198.43,190.60,188.85,181.65,173.83,169.31,165.00,155.24,148.12,141.22,134.54,122.53,112.29,100.45
111.83,127.41,136.50,147.71,157.00,169.45,176.50,188.61,194.31,202.07,205.66,215.23,221.14,223.67,227.00,233.38,235.48,241.30,246.11,246.98,249.90,255.77,257.13,263.60,262.98,264.61,262.95,254.79,251.75,243.82,238.25,234.05,225.11,222.65,214.98,207.52,202.83,196.31,190.08,186.08,181.66,173.16,165.25,160.00,154.18,142.86,132.77,125.30,119.10,110.15,97.64,88.57
112.38,127.39,138.51,149.58,161.47,174.83,180.77,194.25,200.28,208.35,215.41,222.48,227.48,231.23,233.68,242.44,245.42,250.00,254.70,257.13,259.67,262.09,262.55,266.60,266.90,266.33,260.86,253.65,246.05,238.44,234.83,226.93,215.60,210.38,202.20,196.76,189.21,183.86,179.08,173.07,167.63,160.86,154.24,145.33,141.03,127.40,120.81,113.22,108.23,100.50,94.26,83.93
118.68,134.06,146.41,161.22,170.49,183.61,193.06,204.75,213.38,218.28,226.77,233.42,236.13,239.52,239.53,247.76,254.03,256.69,260.02,261.82,262.77,263.50,266.26,266.48,266.37,266.39,257.99,250.08,245.12,237.59,228.33,219.49,205.60,201.56,194.13,187.41,178.47,171.09,166.24,162.56,154.31,149.09,142.56,134.08,130.59,116.87,110.45,103.45,99.36,92.31,86.70,78.49
119.44,136.53,148.53,162.86,170.01,185.05,193.87,209.88,217.22,223.76,230.71,237.70,241.22,244.19,245.10,251.05,256.63,259.40,263.78,264.20,266.27,268.49,271.80,269.24,268.78,272.61,262.77,255.04,246.90,245.60,234.62,225.04,215.59,210.24,203.59,195.86,188.45,181.11,175.03,171.75,164.44,156.82,154.90,150.36,144.84,135.15,139.28,116.87,90.00,82.42,75.27,66.07
115.26,128.51,140.03,153.94,162.05,175.48,184.02,195.39,205.12,213.78,217.52,224.59,230.63,233.86,236.76,241.08,243.24,248.94,252.58,255.24,258.50,258.94,262.94,264.68,264.22,262.83,260.29,256.80,252.34,244.56,238.32,229.61,219.21,216.95,208.15,202.73,198.04,192.04,186.00,182.56,178.89,170.41,165.15,160.11,155.28,145.61,138.29,131.24,123.94,115.88,107.00,97.32
110.39,123.94,132.00,143.78,151.92,161.64,168.60,174.11,181.62,185.31,189.75,195.87,198.11,203.35,203.42,204.88,208.73,210.87,211.95,216.40,215.86,216.39,219.79,221.36,220.20,221.17,219.05,212.85,207.18,204.04,202.98,193.50,187.88,183.15,178.68,175.32,170.14,164.40,162.00,155.05,150.96,143.56,142.06,136.78,133.06,122.09,117.39,112.11,105.51,101.08,90.61,82.66
104.20,118.46,126.49,136.03,143.29,154.24,157.38,160.80,167.59,168.88,175.11,176.08,179.74,184.10,185.46,183.85,187.39,188.06,186.00,191.23,189.55,190.32,192.35,191.43,192.31,191.80,186.30,185.31,182.33,175.60,174.86,166.60,161.42,154.55,152.32,149.57,145.58,140.69,137.23,131.23,128.08,124.20,118.70,112.93,108.66,101.43,98.76,95.63,92.57,86.95,78.39,65.30
118.14,132.42,143.14,154.56,161.94,175.39,181.62,189.01,195.00,200.00,204.50,210.51,215.13,217.44,217.68,219.83,225.26,228.40,228.27,231.82,230.23,231.98,235.77,235.48,235.19,237.01,229.59,219.83,216.45,211.57,206.94,198.15,192.01,184.36,179.80,176.64,169.14,164.14,157.28,152.00,147.26,139.79,135.06,126.72,122.33,107.81,104.22,100.32,94.15,86.82,79.51,72.28
116.16,129.24,137.19,149.16,160.08,172.35,179.77,187.49,192.68,200.88,207.91,213.34,214.46,218.08,222.91,224.29,227.69,234.20,237.39,240.16,243.99,245.57,250.15,250.35,252.24,254.62,251.34,244.73,242.00,238.01,229.10,225.49,215.39,211.29,205.04,198.49,193.98,185.22,180.28,175.93,172.00,163.17,157.20,153.08,147.32,138.19,130.86,122.33,112.72,103.08,97.42,86.68
112.27,128.55,136.88,149.63,159.11,165.24,173.40,182.16,190.08,193.77,198.16,201.10,205.14,207.88,206.71,209.97,213.24,216.54,218.84,218.51,222.62,225.18,229.27,229.84,229.94,232.18,232.00,227.72,223.61,220.49,216.17,207.24,205.29,200.94,195.82,191.13,185.31,179.55,176.65,172.31,170.84,161.24,158.23,151.99,149.16,140.29,133.65,123.17,116.71,109.55,98.39,89.14
61.07,68.88,77.82,87.66,103.31,117.00,128.97,151.01,159.53,171.08,179.18,189.76,200.41,206.16,214.04,222.80,232.42,243.81,250.89,255.76,265.48,268.99,278.84,281.41,283.48,287.84,284.29,277.22,271.97,269.26,258.05,250.80,241.15,237.70,230.44,220.00,215.34,207.06,200.52,195.87,188.61,177.91,172.46,163.20,156.32,142.95,133.69,122.71,113.28,103.16,89.47,80.66
64.33,71.17,78.10,86.88,97.27,107.17,116.73,134.85,144.40,156.46,166.39,174.77,185.61,192.42,201.23,209.48,218.44,226.81,236.10,238.72,245.64,256.29,260.86,265.35,265.48,268.68,264.89,261.52,256.81,250.44,244.52,233.94,224.45,219.24,210.64,205.80,199.97,194.16,187.48,181.33,177.37,168.31,160.75,153.81,145.00,133.96,126.06,115.69,107.04,99.70,86.95,76.69
120.21,136.31,145.13,154.93,166.23,176.28,183.20,187.58,191.21,195.78,199.92,202.04,206.31,205.97,208.41,206.70,210.24,209.60,213.05,212.72,211.21,211.99,213.23,210.51,214.11,213.58,204.13,202.47,196.00,190.07,181.47,178.22,164.91,157.62,147.41,139.22,129.88,121.08,109.62,102.84,91.22,77.23,67.78,52.77,41.73,29.70,31.06,36.88,40.52,40.80,43.01,43.42
119.85,137.13,145.62,155.26,165.34,176.96,183.81,188.35,191.86,196.12,199.09,201.54,203.16,205.02,204.09,205.10,207.87,206.09,207.97,207.62,206.48,205.27,207.62,205.55,206.70,212.00,203.35,200.06,197.23,192.38,189.36,183.13,175.00,164.83,159.52,152.19,143.54,138.06,124.28,107.12,89.20,66.07,26.91,23.02,53.76,83.86,89.74,87.42,86.95,82.61,78.55,75.82
74.67,82.86,86.54,93.86,101.98,112.79,122.09,136.01,149.35,157.31,165.89,175.73,184.79,193.35,202.85,212.78,221.00,232.11,238.42,249.37,256.32,264.70,267.73,276.80,277.58,278.93,272.75,269.14,265.88,254.52,250.32,240.61,230.50,223.40,213.78,211.21,203.19,198.48,198.25,189.62,189.04,180.18,173.00,168.83,162.75,149.05,143.13,130.92,121.66,110.06,101.91,91.92
81.01,82.87,80.78,94.89,117.72,129.19,132.82,153.50,168.36,174.55,184.88,193.31,200.84,210.72,220.15,231.40,237.00,244.23,252.05,262.76,264.64,270.71,273.88,276.59,278.35,279.21,268.26,265.96,258.63,249.69,240.75,230.10,217.35,205.08,195.89,192.26,181.69,179.57,173.22,162.64,160.45,152.97,146.45,140.39,137.00,130.83,124.08,117.02,106.51,100.57,93.15,82.76
87.73,98.74,109.02,119.57,130.61,142.27,152.62,171.02,180.42,191.42,202.12,210.77,221.33,228.60,236.30,245.69,253.86,265.11,273.53,278.44,284.86,291.20,297.43,299.64,301.04,304.77,298.72,290.83,284.34,280.32,269.49,260.30,247.11,244.66,236.02,228.22,219.34,213.04,204.96,199.37,188.52,174.96,164.05,153.03,145.22,133.06,126.66,118.61,110.37,104.06,92.85,84.10
76.84,89.20,95.77,103.94,115.02,127.09,138.80,155.68,165.08,175.93,185.53,196.23,205.29,214.11,222.25,231.40,240.79,249.39,259.12,264.68,271.84,280.26,284.94,288.11,290.51,293.47,288.67,281.11,274.70,269.54,260.31,251.00,237.86,233.01,225.80,217.80,212.27,204.28,197.01,191.04,183.22,179.72,167.37,158.81,151.21,140.46,132.24,124.31,114.02,105.70,99.05,86.31
92.07,103.39,108.42,122.80,134.47,142.64,152.11,170.04,179.69,185.97,200.96,209.48,216.45,225.06,231.55,238.76,247.01,253.33,262.43,267.86,272.21,278.33,282.30,285.33,286.39,288.59,282.00,275.05,267.84,261.30,253.10,245.90,228.64,223.44,216.12,208.66,201.00,193.99,190.68,180.47,175.80,172.54,161.91,155.86,147.87,133.96,121.63,113.00,105.31,98.31,87.92,79.51
86.49,93.52,98.49,109.37,115.88,125.28,134.89,148.48,157.31,165.86,176.74,185.66,196.76,205.93,212.25,225.64,234.79,245.01,257.62,262.09,270.48,281.67,286.04,290.50,296.10,295.91,294.21,287.28,282.08,273.10,268.53,258.26,244.52,238.56,230.21,223.19,216.41,205.10,195.98,193.37,185.00,175.70,165.60,162.43,155.00,146.12,141.80,135.07,127.35,118.68,112.81,101.91
120.74,135.62,143.89,156.35,163.48,175.00,181.47,188.04,189.17,194.29,196.08,198.56,199.36,198.31,198.17,195.89,197.16,196.06,195.58,194.55,189.43,187.86,184.71,185.39,185.31,185.27,183.61,182.50,179.81,179.41,181.34,178.16,179.36,176.14,174.55,169.18,169.05,164.68,162.73,155.44,150.62,148.22,141.42,134.73,123.71,66.71,54.04,56.36,53.34,51.16,45.69,40.61
124.06,138.18,148.03,160.31,169.19,182.18,189.87,198.59,204.30,206.89,209.70,216.40,216.97,220.08,221.35,223.04,226.12,230.24,231.23,227.71,229.99,230.25,232.88,234.61,235.03,240.26,240.47,233.42,232.04,229.61,224.59,218.01,214.04,211.08,204.44,196.66,192.20,187.40,182.70,175.78,171.03,162.79,154.40,146.49,140.36,116.50,99.72,86.76,75.58,65.31,54.56,44.91
92.07,102.96,108.76,115.00,123.17,129.69,135.53,146.26,154.73,161.99,170.42,180.00,188.77,195.82,204.19,215.60,223.06,233.81,244.23,255.49,265.19,275.05,282.67,286.17,293.47,297.97,295.19,291.44,288.03,280.92,277.48,266.10,253.31,251.81,243.76,236.71,233.57,223.28,219.20,219.74,214.20,204.95,202.99,197.65,190.97,185.22,177.75,168.68,160.90,150.48,139.20,125.48
86.27,94.13,98.27,106.07,113.04,115.97,121.20,128.80,134.24,139.06,147.58,153.69,159.39,168.24,174.77,184.48,190.63,198.35,209.57,218.52,228.56,237.76,245.69,249.43,256.91,263.60,263.91,256.91,256.81,252.36,248.13,241.47,229.61,230.59,225.18,217.85,217.91,208.95,206.07,205.25,201.61,195.03,191.60,188.16,180.80,174.77,168.43,158.53,150.33,140.47,130.03,118.19
107.28,117.95,125.40,132.44,137.09,145.73,146.18,153.39,156.28,162.69,169.01,172.63,177.49,184.98,191.38,198.65,206.48,213.12,222.50,229.86,241.12,253.87,261.30,266.09,271.59,274.31,275.36,272.39,269.09,263.21,257.01,250.06,237.62,239.38,231.81,225.75,220.91,213.83,212.20,209.77,205.73,197.39,193.71,187.07,180.75,174.29,167.67,159.33,150.10,140.51,127.63,117.61
123.85,136.57,144.53,155.47,165.08,174.26,184.10,191.38,194.45,201.91,202.48,204.06,209.04,208.85,211.65,213.03,215.93,215.11,218.05,217.95,216.10,219.87,221.82,225.68,224.50,227.25,224.88,216.09,212.98,206.74,199.90,194.43,186.07,179.54,173.40,164.83,153.39,146.33,135.94,124.89,108.30,94.89,73.16,53.45,36.88,11.66,10.44,16.12,20.40,23.60,20.62,17.46
96.77,107.63,112.38,120.21,127.29,133.66,138.65,144.70,150.12,157.95,163.08,167.97,172.53,177.65,181.91,188.16,198.40,199.12,207.18,215.41,220.66,229.71,234.45,239.01,241.02,248.36,247.34,245.33,245.60,237.97,234.31,228.95,221.47,217.33,213.22,210.20,207.02,200.63,198.12,194.20,194.02,184.84,181.22,176.67,170.82,158.43,152.03,141.68,133.36,122.92,110.86,99.98
124.62,134.18,140.94,147.00,152.09,157.04,167.26,167.36,163.93,163.92,167.69,168.08,170.88,176.40,177.52,177.59,180.05,185.08,192.92,195.47,205.06,208.58,215.81,228.88,228.02,231.77,238.01,237.54,241.51,238.03,238.60,235.09,234.80,238.46,235.84,235.05,235.14,232.14,233.00,233.53,231.94,226.82,223.09,218.07,213.41,204.31,192.04,182.83,169.07,157.31,147.03,132.82
132.38,150.08,158.43,168.01,178.47,191.06,197.50,201.06,203.59,209.75,214.76,214.22,219.32,219.21,219.83,222.44,227.04,229.99,234.08,237.00,240.29,245.59,250.77,254.95,259.03,260.65,261.20,257.10,253.58,248.71,243.17,236.81,226.34,216.69,204.46,188.10,159.01,120.54,86.35,61.62,45.00,34.93,26.17,20.02,13.04,15.13,18.38,24.04,17.89,21.63,18.00,25.00
128.22,144.51,153.29,164.10,173.52,185.27,191.06,197.82,202.04,208.66,210.20,213.74,217.12,215.82,216.95,222.91,223.81,229.73,231.81,232.14,235.77,240.84,244.00,247.40,249.06,253.18,253.16,247.20,245.54,241.86,237.26,230.71,223.95,219.72,211.85,203.07,195.78,186.00,180.45,169.05,160.43,145.21,130.19,116.50,97.05,67.78,59.36,50.93,45.22,41.44,39.32,35.69
123.66,137.93,146.54,157.38,170.47,181.04,188.88,194.09,198.80,202.62,206.29,208.24,211.90,212.42,213.81,214.70,216.23,220.11,222.61,221.84,223.49,226.93,231.16,230.22,233.12,237.41,234.79,229.03,228.73,218.43,217.75,210.85,201.11,197.19,188.82,182.39,175.65,168.60,163.36,155.76,148.41,142.87,131.49,122.64,117.18,103.87,96.88,87.46,80.01,70.94,63.66,57.01
127.28,143.34,152.41,163.92,171.97,182.78,188.57,195.26,199.45,203.09,203.44,207.51,210.00,211.38,213.46,216.12,214.67,220.84,222.44,226.24,229.39,232.22,235.64,240.26,242.39,246.55,242.23,238.52,237.65,230.59,226.99,218.21,210.95,206.16,196.23,192.75,184.39,179.40,173.40,164.40,155.33,145.34,132.10,101.83,74.63,32.57,26.25,25.18,26.42,24.19,25.18,23.35
141.36,157.62,168.08,178.40,188.09,197.39,205.20,210.22,212.19,214.67,215.18,218.05,223.14,220.66,217.83,224.32,224.97,227.61,229.01,231.16,237.00,238.16,242.87,246.48,250.64,251.75,250.91,246.02,239.21,239.11,231.89,225.84,218.34,213.97,205.23,200.32,190.76,184.76,179.89,171.21,164.64,109.90,25.63,31.78,29.43,33.62,31.06,34.01,31.14,30.08,30.15,26.93
125.90,136.49,145.34,150.14,154.93,163.11,164.30,165.42,167.20,168.12,170.43,170.99,173.59,176.08,180.23,180.85,183.88,184.81,192.52,196.99,201.11,204.71,208.63,216.71,218.00,220.52,223.52,222.01,221.88,217.08,217.80,212.13,207.12,205.97,202.23,200.36,198.37,194.73,196.09,197.95,197.72,198.34,195.41,192.09,190.07,181.60,173.00,161.53,155.72,144.01,132.97,120.07
124.46,134.71,140.80,148.38,154.16,161.55,164.07,167.11,170.45,169.62,175.33,176.08,174.93,181.30,184.07,187.86,189.27,195.04,198.98,202.83,209.24,210.77,216.21,222.03,224.61,226.59,227.85,220.05,218.56,217.19,211.90,206.24,198.34,196.43,189.48,185.31,179.87,177.10,174.69,167.45,167.15,163.69,158.82,157.81,156.97,148.66,145.24,137.31,130.10,120.30,114.28,102.04
138.40,153.81,164.84,175.39,185.57,196.47,203.67,209.85,213.93,218.44,222.60,224.08,228.08,228.48,231.29,235.26,236.54,239.11,243.40,248.49,251.98,256.81,265.57,266.00,272.04,277.31,275.12,270.60,269.16,265.23,262.38,255.07,245.84,242.01,231.31,225.00,217.01,209.61,201.36,193.20,183.85,175.18,163.87,152.75,145.83,125.87,116.10,105.00,92.40,81.57,72.42,61.40
134.65,153.65,160.38,171.30,181.66,192.04,197.77,201.21,205.41,208.66,209.90,214.36,216.92,215.82,213.58,220.78,217.83,224.72,222.40,227.01,227.18,234.44,242.21,240.93,248.05,253.30,254.70,249.32,251.07,243.58,241.29,234.93,225.27,221.72,210.88,204.94,198.18,189.76,182.51,171.21,163.23,156.92,145.52,137.06,127.86,108.85,101.26,89.19,77.06,66.65,59.06,49.09
140.23,155.79,169.84,178.10,192.42,200.81,210.80,216.69,223.65,226.56,229.39,230.43,236.54,236.58,234.73,237.54,237.22,240.69,241.17,241.29,236.64,242.01,244.17,243.52,244.66,246.87,242.62,234.39,230.97,227.23,224.29,217.33,212.85,209.88,204.46,199.12,191.90,186.94,183.22,173.61,166.00,159.42,146.35,134.30,123.36,87.71,65.44,43.97,24.19,11.40,4.12,3.61
136.06,152.27,163.86,175.39,188.22,195.56,206.23,213.12,221.11,223.83,227.75,229.61,236.05,235.05,235.17,239.74,240.10,242.23,245.90,245.28,240.65,248.02,249.43,249.11,248.62,253.13,247.83,238.60,236.60,232.40,230.25,221.72,220.42,215.67,210.12,205.23,196.54,190.43,188.74,180.88,174.80,161.45,151.35,138.80,127.48,88.57,60.14,38.48,21.10,5.66,3.16,11.66
135.77,152.74,167.87,181.07,189.84,199.61,209.40,216.95,219.66,227.80,229.84,236.03,238.47,237.52,241.02,244.12,245.74,249.04,253.64,254.04,254.05,257.62,261.66,264.59,266.66,268.29,266.87,260.86,261.12,254.78,254.89,246.94,243.94,240.76,234.20,229.01,222.34,220.23,215.87,210.22,205.88,197.95,190.03,181.37,177.54,166.38,158.26,150.72,139.00,126.91,105.36,90.80
126.75,143.14,149.89,163.38,176.78,188.04,193.42,201.56,204.16,209.66,213.49,217.30,220.97,225.18,222.65,228.00,232.08,233.07,235.80,236.14,233.08,236.10,242.33,241.11,242.12,242.66,235.48,232.59,235.67,227.90,227.26,220.10,215.08,213.46,208.66,203.63,198.93,196.47,192.75,187.42,183.48,178.47,169.92,165.41,160.70,151.63,148.60,140.66,133.09,122.56,115.75,103.58
122.59,138.00,146.70,159.13,168.44,179.25,184.17,192.94,196.31,200.19,202.00,203.65,208.00,211.40,210.22,213.24,212.13,216.54,218.36,219.91,216.76,222.30,226.05,226.36,230.20,231.35,227.32,222.39,221.63,218.00,214.65,209.40,203.20,199.49,196.00,190.95,183.98,180.48,176.30,172.63,166.37,160.18,154.47,146.54,143.09,134.62,130.51,124.31,116.21,112.00,102.96,94.09
123.71,136.69,147.36,159.20,168.67,180.25,185.61,193.63,196.33,201.11,201.36,205.94,209.70,209.34,207.34,210.87,212.85,215.62,216.60,213.65,209.46,212.14,216.90,219.80,221.60,221.79,217.59,211.48,210.21,207.65,203.19,197.13,188.81,188.73,183.00,178.54,173.59,169.71,163.69,159.48,154.43,146.69,141.43,135.07,130.98,122.97,118.81,113.89,105.68,101.36,89.07,85.21
125.18,141.87,153.05,164.40,176.78,187.46,194.66,206.90,211.30,218.22,222.14,228.84,234.39,237.39,236.09,242.86,242.99,248.78,251.75,253.51,252.24,257.17,259.85,263.14,262.91,270.22,258.06,253.99,251.07,244.64,238.55,228.06,217.71,213.90,204.28,200.12,190.67,186.59,179.21,172.24,166.74,157.84,150.27,146.41,138.71,130.61,126.02,114.06,104.81,99.49,90.67,80.95
121.33,137.36,150.28,161.05,172.70,184.78,191.15,206.05,211.14,215.76,221.28,228.47,235.48,237.52,238.56,245.46,249.11,254.17,256.50,259.33,262.36,263.60,269.36,270.12,270.21,273.27,263.30,254.61,251.06,244.00,233.50,221.63,211.38,205.88,195.80,189.77,176.95,171.01,164.81,156.72,151.08,139.20,135.59,126.61,119.23,109.22,103.58,101.83,99.00,96.18,83.01,75.59
125.92,142.06,153.03,163.47,177.91,189.00,193.71,205.80,209.67,217.44,220.64,227.38,234.27,233.08,235.14,240.42,244.44,246.90,250.69,251.03,251.54,255.36,257.87,255.42,254.62,257.29,250.46,236.30,230.05,221.47,211.07,198.12,181.62,172.54,158.65,149.90,135.03,122.53,106.33,90.52,72.07,47.07,30.59,16.40,17.20,34.00,43.83,51.66,52.01,55.95,58.14,60.75
119.25,134.35,143.96,154.49,162.61,174.96,178.89,186.55,192.51,197.80,203.69,207.08,210.45,213.06,216.02,217.11,221.16,221.27,225.44,227.71,228.32,229.87,234.08,234.31,233.52,233.59,226.24,213.79,205.29,194.43,182.12,157.89,116.76,94.34,87.05,78.24,81.71,76.11,84.12,85.91,86.41,90.80,91.59,91.71,94.79,98.15,100.13,95.77,97.01,99.62,91.27,83.01
119.54,133.78,141.90,152.78,160.21,170.39,174.48,181.64,186.59,190.70,195.16,195.86,197.95,199.45,199.06,199.90,200.88,198.67,199.32,202.06,194.61,196.70,196.06,192.02,190.67,188.32,177.20,168.00,155.32,149.94,142.89,128.88,118.07,113.16,110.29,106.28,101.24,107.02,104.00,102.96,100.18,107.30,106.83,106.53,110.72,112.22,115.52,114.91,113.15,109.59,101.00,97.02
132.00,146.49,157.00,170.67,181.11,191.64,196.21,205.34,211.59,214.95,222.79,225.21,230.02,230.59,227.27,232.90,233.42,230.59,232.13,234.05,224.40,224.59,221.35,218.04,212.64,203.89,197.31,187.24,171.35,166.39,161.64,158.40,153.84,152.76,152.83,153.46,155.71,157.28,156.26,159.93,158.67,164.21,161.64,155.32,155.24,146.77,143.03,136.42,128.00,123.47,114.21,102.49
109.25,126.06,131.55,142.51,152.07,163.78,169.19,179.01,184.11,190.08,192.90,198.18,201.72,204.90,205.91,210.02,214.09,212.42,216.06,216.83,214.04,211.44,211.09,205.29,200.81,202.09,182.62,163.69,152.00,149.50,140.77,135.33,138.41,139.81,137.27,137.13,133.33,133.96,134.39,128.60,130.12,127.81,125.77,119.68,121.26,111.83,106.04,101.18,94.92,89.40,83.22,77.47
118.19,137.46,143.14,157.43,167.94,178.49,182.63,191.13,198.49,203.71,208.48,213.56,216.01,219.21,221.71,226.21,226.50,230.46,232.11,235.05,229.65,226.81,218.93,205.80,188.61,160.95,95.27,71.03,61.61,62.30,60.02,61.03,71.59,74.33,75.71,79.62,78.39,82.01,80.92,83.44,85.80,88.41,89.69,88.02,92.07,92.05,90.14,87.46,84.31,82.00,74.67,71.51
122.04,137.44,149.69,162.05,167.92,181.02,186.68,195.78,198.50,204.20,208.93,214.84,220.08,222.61,220.62,228.04,232.11,238.66,243.02,246.17,247.68,251.72,254.96,258.03,255.63,258.68,244.47,228.21,215.06,192.63,164.37,142.62,97.13,87.30,83.55,77.94,80.00,81.60,84.29,84.93,91.79,89.50,95.27,95.04,96.88,97.59,94.15,92.35,89.56,89.05,83.22,76.30
102.73,110.49,113.11,113.65,113.16,118.09,117.00,109.57,109.07,105.19,108.98,108.78,113.86,113.74,124.02,131.24,136.69,145.60,149.97,168.19,198.35,211.90,224.59,230.36,247.34,253.88,269.83,272.81,277.89,279.38,278.26,275.23,272.07,271.53,267.88,263.70,257.00,250.19,243.74,239.42,235.80,223.99,215.08,208.28,199.70,183.00,174.89,160.11,146.54,133.02,121.33,106.83
119.87,136.52,147.23,158.20,166.09,178.39,182.92,198.67,200.83,207.62,211.70,218.59,219.74,225.88,222.40,222.87,224.88,231.97,234.65,227.02,216.12,218.00,220.49,219.18,215.00,214.29,197.73,189.08,181.57,173.10,164.92,152.21,140.42,137.57,132.70,128.19,122.56,123.23,119.54,119.92,119.02,116.81,116.04,113.99,112.29,113.85,111.13,110.48,108.19,104.79,96.52,89.59
120.21,137.32,148.11,159.76,171.81,185.95,191.05,204.28,212.02,216.76,223.81,229.82,234.31,237.22,237.29,243.66,243.88,246.68,247.52,248.49,246.34,247.03,243.07,239.28,237.41,229.96,207.28,190.68,177.51,163.03,152.09,136.30,114.40,109.62,98.72,95.63,94.37,90.51,90.08,85.15,88.29,86.82,87.62,87.92,87.01,89.64,89.19,87.48,83.74,82.68,78.41,73.76
126.04,141.16,154.02,165.44,175.05,187.21,196.22,205.52,214.44,217.08,226.65,231.92,233.12,235.85,238.76,239.94,241.59,241.75,246.56,247.86,242.49,242.22,239.14,235.80,227.26,219.43,189.38,170.14,144.35,122.98,100.00,78.43,41.68,17.49,8.60,12.53,25.50,35.23,44.20,55.32,58.86,66.03,72.42,79.43,82.97,94.15,100.72,101.64,101.79,98.68,99.54,90.70
135.00,151.33,163.64,173.05,184.11,195.90,201.76,210.49,216.40,219.76,223.97,229.14,230.78,230.67,231.46,229.14,227.98,226.72,226.38,222.81,208.39,202.80,192.30,177.05,160.26,138.23,105.12,86.61,64.26,55.54,41.59,39.81,47.27,59.14,61.61,68.82,73.76,77.23,79.62,83.49,86.41,88.09,91.42,90.61,93.04,98.23,99.09,99.33,99.25,97.84,95.19,89.82
144.40,151.60,159.88,163.98,168.37,172.75,169.30,159.39,152.03,149.00,145.52,137.01,127.58,119.42,110.89,97.42,81.41,66.64,44.42,47.89,90.20,119.52,149.89,171.05,189.59,208.59,230.96,237.07,243.31,248.82,246.81,246.62,246.71,248.49,244.61,242.07,236.48,233.64,229.37,224.88,219.20,214.20,206.70,197.02,194.99,179.61,173.12,161.11,146.33,135.69,123.56,107.86
132.74,138.25,149.77,154.03,151.79,153.01,150.96,149.20,146.86,145.33,141.23,139.26,134.74,131.06,126.61,124.46,123.76,116.93,122.79,121.49,146.11,169.85,181.66,195.27,211.62,217.19,240.07,244.59,244.77,247.31,248.20,242.51,246.40,245.35,241.11,236.13,232.26,223.95,220.54,219.20,212.62,207.25,200.60,191.46,189.28,170.39,162.63,152.53,141.06,129.55,114.74,98.86
145.88,164.34,174.52,188.45,201.10,213.40,219.65,234.34,236.69,243.74,247.52,253.62,260.05,261.77,263.34,267.37,269.60,275.20,276.52,276.35,274.26,280.69,279.24,276.96,273.89,259.28,212.53,172.68,144.06,126.18,110.00,93.01,70.84,63.06,53.60,47.52,37.58,27.66,20.62,18.68,12.65,5.83,2.24,5.83,12.17,24.84,28.79,30.07,35.51,39.66,41.11,42.11
134.54,151.65,162.79,172.20,188.04,196.35,206.32,216.09,217.99,224.96,230.55,236.02,240.02,241.13,242.17,243.02,250.59,251.27,256.04,254.23,252.68,255.97,255.65,253.44,247.92,232.69,186.40,150.71,123.55,107.21,91.05,75.50,52.50,46.40,36.72,30.59,24.08,15.13,7.07,7.62,2.00,7.21,12.04,16.64,19.92,31.02,35.00,37.22,39.62,42.45,43.05,45.45
135.62,152.28,163.42,177.61,188.10,200.87,207.46,226.05,232.94,237.39,244.44,248.10,252.93,255.78,257.01,260.05,263.47,266.99,267.35,269.05,259.31,257.96,252.61,245.00,231.98,216.23,176.23,155.57,136.82,110.92,98.49,81.01,55.08,53.14,42.94,47.17,43.14,41.73,40.25,40.80,43.57,44.18,45.54,47.71,50.33,56.08,58.19,60.14,64.85,66.61,63.89,61.10
123.69,139.52,151.27,163.00,177.42,192.00,199.02,212.92,219.01,224.84,235.34,238.73,246.53,247.89,249.62,255.71,254.91,259.08,260.97,259.05,246.98,242.54,229.84,213.52,190.72,172.19,145.23,130.43,114.69,105.69,95.08,90.80,87.56,88.10,85.91,89.87,88.54,88.14,87.80,84.38,82.76,80.06,78.92,76.12,78.26,75.15,77.23,74.04,72.62,71.20,71.01,65.80
104.94,120.65,133.69,146.51,157.89,172.20,182.00,197.99,203.07,215.08,220.74,227.88,231.86,235.54,241.35,245.16,250.97,254.92,258.13,258.94,260.09,265.32,266.33,268.67,267.44,268.00,258.65,249.74,241.25,230.59,214.46,180.45,117.78,108.56,98.98,104.35,94.37,98.01,100.08,100.08,102.14,106.83,108.19,107.20,110.35,114.28,113.15,110.64,107.20,101.12,94.15,83.55
178.47,193.64,202.30,206.52,208.12,213.38,211.77,200.90,197.00,192.77,190.92,187.38,180.19,173.28,171.73,167.71,171.54,172.59,173.35,174.57,175.41,178.60,184.46,187.96,189.50,191.67,202.56,206.65,210.12,206.34,204.46,200.64,193.66,195.36,189.08,182.02,171.61,164.71,154.35,149.93,141.03,126.18,118.30,105.80,96.13,78.39,67.42,58.69,46.32,38.28,33.24,26.25
168.67,180.07,186.95,193.40,198.18,202.87,201.65,194.52,191.06,186.43,182.73,180.36,172.49,168.16,164.10,164.71,160.00,162.48,164.27,165.06,172.20,179.18,186.01,193.68,199.20,214.48,224.66,224.21,231.03,231.80,230.29,225.51,219.54,219.97,215.68,208.37,198.86,189.76,182.70,175.93,166.93,152.80,141.35,130.18,119.64,94.53,84.43,71.34,58.80,47.20,39.92,29.02
140.87,148.56,156.04,160.86,164.64,163.52,163.27,155.44,148.27,143.13,135.72,129.28,120.51,112.33,104.81,95.01,90.74,94.37,98.62,107.90,133.02,152.61,172.90,188.32,201.00,214.89,244.18,245.81,247.80,253.65,251.56,249.60,245.97,244.66,239.43,235.77,227.77,218.01,215.87,210.06,202.89,194.54,185.40,173.73,167.15,147.41,136.21,122.98,108.66,95.26,81.49,67.05
109.18,114.98,119.85,122.32,121.17,121.15,118.60,108.07,104.39,94.20,89.36,77.83,70.21,59.67,47.89,36.69,17.03,2.83,15.81,37.22,80.71,102.55,129.63,148.05,173.17,195.45,219.21,226.75,235.73,239.10,238.47,240.16,243.31,243.33,239.64,235.19,230.26,226.60,224.11,217.19,211.73,205.78,198.71,190.79,184.36,171.29,161.14,149.81,136.40,121.40,114.21,99.28
115.55,120.27,122.97,123.46,126.61,126.65,123.00,111.51,106.10,98.74,92.70,83.95,72.00,65.97,56.30,48.75,38.91,31.62,29.07,32.02,55.03,71.17,92.91,105.08,127.77,147.41,181.95,193.22,202.59,211.01,221.06,223.58,232.08,232.86,234.36,232.21,231.49,229.27,226.95,222.25,218.24,215.93,208.06,198.52,193.08,180.69,171.57,160.73,147.14,134.66,125.26,108.17
126.40,142.41,155.39,171.41,185.84,202.36,207.51,221.04,228.88,241.47,251.85,262.55,267.15,269.63,275.15,285.01,288.37,295.44,299.45,300.65,291.24,290.43,280.25,264.02,248.24,228.37,193.15,170.07,143.78,121.82,103.08,87.86,55.80,40.36,24.21,12.81,12.53,14.04,19.10,27.17,33.24,40.52,40.25,43.93,47.51,59.03,59.77,63.25,61.85,60.75,62.00,55.36
107.62,119.27,129.44,142.97,157.84,170.21,176.82,194.64,200.85,208.29,215.41,224.08,230.87,236.81,239.01,247.91,252.96,261.23,265.24,268.04,270.19,275.01,272.12,273.50,267.07,257.62,245.95,233.02,216.45,193.78,175.76,153.18,113.95,94.94,67.01,42.72,17.89,8.25,17.49,32.80,37.01,44.92,53.15,58.14,61.52,72.56,72.40,73.82,72.37,69.43,71.06,63.98
129.40,137.84,144.80,149.46,150.03,150.63,151.21,142.09,137.88,128.60,126.82,116.25,107.91,101.12,88.87,78.77,67.80,59.41,49.68,46.65,68.68,82.22,103.31,119.47,141.99,156.98,180.11,186.21,192.20,193.34,193.29,194.00,194.16,190.23,184.59,180.28,173.67,162.29,160.56,153.94,147.22,141.21,130.67,124.02,115.74,105.85,96.21,86.31,76.11,65.79,60.11,50.70
120.92,130.00,128.84,133.66,135.98,137.77,130.10,116.97,109.11,94.37,76.66,57.56,25.18,10.30,48.88,83.19,116.10,143.39,164.92,175.28,198.12,213.04,223.33,233.03,237.29,251.79,264.61,260.98,260.05,260.85,257.67,256.42,246.91,245.97,238.52,234.27,227.55,219.99,213.22,207.66,201.90,192.28,182.12,174.47,168.07,153.72,144.25,132.37,120.21,108.67,102.12,88.84
134.30,145.11,146.74,148.66,152.86,154.92,151.05,144.75,139.13,136.46,134.24,133.36,135.77,141.22,146.45,157.69,167.61,176.12,185.60,196.82,210.95,218.52,229.31,232.86,239.93,249.90,258.31,252.38,254.92,253.16,250.15,246.90,238.92,238.55,229.80,224.76,217.30,209.48,204.79,199.97,194.10,184.13,176.21,167.30,159.53,145.84,136.62,126.57,118.51,108.30,96.25,86.83
122.18,130.30,131.80,136.69,139.18,139.34,139.14,129.85,126.13,121.00,119.00,111.52,110.00,109.55,113.65,125.16,137.13,152.90,165.08,179.96,200.12,213.49,222.77,231.49,239.77,246.33,261.92,260.86,260.11,263.01,259.05,258.86,250.25,252.96,242.50,238.29,233.57,227.20,220.19,215.67,205.91,201.63,188.16,179.04,171.81,157.70,147.68,137.64,126.13,115.02,106.07,92.65
117.46,124.92,127.58,125.92,126.40,126.57,120.17,106.93,96.01,89.47,82.66,73.01,67.42,71.47,82.01,93.34,110.39,126.02,140.80,158.84,183.10,198.59,205.92,219.49,232.02,240.30,252.05,255.65,258.79,258.31,257.11,253.72,247.36,242.91,237.14,230.01,224.37,218.19,212.72,204.94,199.27,189.31,179.96,173.46,164.00,149.68,138.20,127.77,118.96,109.34,96.66,86.01
116.11,126.81,130.18,133.15,133.03,134.85,132.23,120.07,110.14,104.00,88.24,78.31,64.40,55.73,58.83,73.35,90.55,109.08,121.66,138.88,163.78,174.23,187.30,198.93,213.12,218.26,229.99,229.26,232.44,232.90,232.54,230.93,224.61,222.62,215.64,212.26,208.09,201.14,196.64,189.71,186.29,175.41,167.87,156.73,151.33,137.93,128.63,117.80,111.02,101.40,90.43,79.40
91.61,105.82,115.41,128.55,141.74,155.08,164.45,182.92,189.38,195.51,203.81,210.95,216.54,220.86,225.76,231.52,234.01,235.58,238.30,233.21,226.42,223.89,223.38,218.16,217.64,217.08,202.41,190.26,185.30,178.51,172.49,162.16,149.22,143.39,135.34,125.71,120.93,114.97,109.66,103.59,98.79,94.20,90.44,86.15,80.23,73.82,69.12,64.51,58.90,54.12,50.09,46.24
109.49,125.77,140.89,156.40,169.50,185.35,199.25,214.04,224.02,230.38,238.00,243.58,248.58,252.17,255.52,262.35,260.86,263.47,264.76,266.08,260.40,262.64,256.70,256.63,253.16,247.20,233.57,219.32,211.90,198.83,189.84,174.61,156.35,147.05,131.73,123.94,117.52,107.90,102.18,87.46,78.09,73.41,64.44,56.08,51.24,41.00,35.34,31.40,25.50,24.41,27.02,25.50
119.00,136.06,149.48,163.92,180.43,196.31,208.60,226.56,233.21,241.37,249.65,253.27,258.82,261.17,262.69,269.67,270.54,273.86,274.61,272.25,264.76,267.04,260.40,258.41,253.36,245.12,229.73,215.14,204.97,192.26,183.00,166.94,145.77,138.44,124.92,114.35,107.35,97.69,91.02,79.40,70.21,65.12,54.33,49.24,45.80,35.85,32.39,30.02,26.48,24.04,28.79,25.00
121.00,140.39,152.79,167.26,180.23,194.81,204.79,219.02,228.48,236.14,245.12,249.62,256.03,257.84,260.32,269.12,271.25,275.63,280.02,282.82,283.13,286.00,285.92,284.96,285.73,283.11,272.41,262.07,253.16,240.88,233.49,221.55,205.55,194.18,182.07,171.48,161.38,151.49,143.11,134.65,126.44,114.06,107.56,99.48,93.17,80.65,73.82,69.03,63.25,58.08,53.15,48.37
127.77,143.54,157.50,173.64,186.64,202.08,211.01,227.71,233.67,238.46,243.29,250.08,255.82,256.36,255.48,263.10,263.27,267.81,270.60,272.39,268.96,269.22,268.78,270.24,266.74,260.55,252.07,240.93,234.27,222.87,217.35,200.26,185.70,175.86,161.45,150.42,144.17,132.52,126.21,113.74,107.20,98.86,90.05,81.69,77.20,74.30,67.42,63.64,62.36,62.24,66.03,57.01
125.67,145.43,158.81,172.07,186.89,201.94,213.82,233.28,243.82,244.44,254.64,263.10,266.85,269.76,269.98,275.36,280.67,283.78,286.38,284.62,278.60,279.65,279.69,276.73,276.00,272.84,260.09,246.81,239.10,231.87,218.50,208.40,191.51,183.15,175.45,164.30,154.62,147.08,138.81,133.66,123.91,114.02,108.23,100.90,95.34,82.13,75.59,70.86,63.06,60.22,54.20,48.26
115.12,130.59,144.97,164.60,177.10,196.74,207.24,225.67,234.46,239.87,249.88,256.46,264.47,263.75,264.37,273.31,274.87,278.31,281.44,278.17,271.82,269.08,270.60,263.62,263.21,257.39,240.52,227.37,218.66,207.80,196.47,186.82,165.71,160.46,150.75,141.74,134.27,125.61,119.92,112.61,109.77,99.54,92.96,87.46,83.20,76.32,69.53,64.50,60.53,57.49,50.80,47.01
124.08,139.45,151.82,168.58,182.06,198.72,209.35,225.08,230.87,237.07,245.51,250.64,256.56,257.50,256.67,264.32,263.74,268.79,269.80,271.01,263.42,265.60,264.05,259.79,255.78,250.19,243.29,225.39,217.55,208.85,199.73,187.72,167.76,163.53,149.89,141.13,133.42,122.35,117.78,110.00,103.25,94.75,91.29,84.00,78.79,70.23,63.20,59.54,56.04,51.35,45.31,40.46
128.02,136.85,135.25,138.51,134.35,130.43,123.31,99.93,87.78,78.43,71.70,62.29,58.94,60.42,65.00,76.30,85.09,94.75,107.94,119.07,141.87,152.12,164.61,175.73,189.21,199.80,215.67,215.68,219.21,220.34,223.06,220.17,221.42,220.74,218.52,214.67,213.38,207.24,205.41,201.63,197.09,193.04,184.39,177.05,175.57,164.83,157.54,146.66,136.62,125.90,116.69,105.72
113.07,128.80,141.11,156.32,170.85,186.94,197.44,214.28,223.49,229.24,239.47,247.03,253.05,259.00,258.00,268.40,268.49,274.22,277.22,276.66,273.03,274.12,275.39,271.19,272.35,270.60,259.79,242.21,234.44,224.88,216.23,204.46,184.32,180.90,168.87,157.38,149.88,141.09,134.08,127.31,120.70,115.11,105.99,100.66,95.21,86.82,82.38,74.97,69.92,63.70,60.08,53.76
125.90,144.22,156.28,172.17,187.13,201.85,212.30,228.11,237.19,243.02,251.59,260.25,265.73,268.34,272.28,280.88,278.62,283.21,284.91,284.54,282.20,283.10,279.03,277.46,278.36,275.36,260.80,244.97,235.73,227.41,219.80,203.34,185.78,175.78,165.08,156.89,149.48,138.24,131.37,119.82,115.41,104.96,99.05,94.92,89.63,81.27,72.37,68.25,63.13,61.74,51.01,48.76
117.89,134.03,144.75,155.93,168.87,181.47,187.84,199.88,205.06,209.70,216.84,219.54,224.50,225.62,227.04,232.24,233.33,234.69,236.92,241.02,237.49,239.80,239.91,238.17,239.21,237.69,228.53,215.75,207.42,197.77,191.13,177.54,161.14,151.64,142.00,134.06,129.08,118.83,110.17,102.31,96.46,88.62,83.35,78.92,74.22,67.68,63.35,58.25,54.64,50.61,46.04,43.08
133.06,148.92,159.93,174.04,188.29,200.08,208.70,221.02,226.24,230.49,238.27,243.39,248.62,249.13,250.33,255.36,255.41,260.28,264.09,266.06,262.50,263.80,264.32,265.75,264.08,259.62,248.81,239.24,231.32,219.33,210.49,197.50,177.81,164.68,159.03,149.21,139.49,128.76,119.95,114.21,107.56,98.01,91.55,87.78,81.39,74.46,68.82,64.14,61.66,57.28,52.50,47.85
128.46,145.60,156.28,168.96,181.23,194.76,200.19,211.22,217.30,222.25,230.54,232.01,235.03,238.32,240.83,243.26,244.82,246.86,250.05,254.03,251.73,252.69,251.02,252.72,250.68,249.15,237.24,226.75,220.18,208.17,198.07,184.25,167.33,157.11,147.65,139.30,132.19,122.00,113.53,106.53,98.49,93.23,86.27,82.00,77.47,70.46,67.91,61.98,59.68,54.82,53.60,48.76
141.82,159.09,170.19,183.60,198.96,211.44,220.05,228.49,235.76,241.40,246.92,249.90,253.53,254.26,256.43,259.02,261.30,264.41,268.13,269.61,266.31,267.61,266.49,268.89,265.15,263.76,249.51,238.61,229.53,220.62,207.61,193.85,175.76,168.08,160.46,150.24,139.03,130.29,124.00,119.92,113.72,103.41,99.72,97.25,90.47,84.22,80.62,76.11,76.53,70.24,63.13,57.78
148.00,166.36,178.00,193.26,205.24,219.64,227.26,237.24,241.76,247.82,251.88,254.68,258.68,257.24,260.13,262.38,259.86,263.92,265.80,269.61,264.78,267.01,263.45,266.32,262.84,259.77,249.66,234.79,227.18,215.19,203.15,194.49,175.03,165.42,155.91,146.49,137.64,129.36,123.15,120.83,113.72,106.71,102.20,98.49,94.24,89.36,82.86,78.10,76.97,73.25,63.79,58.82
143.68,161.01,171.23,185.40,197.31,210.12,217.26,225.52,231.37,235.97,241.12,242.06,247.21,247.65,247.12,249.47,249.87,252.79,252.76,258.10,251.58,255.23,254.40,252.72,251.81,245.45,239.43,224.72,214.13,204.42,192.31,179.98,163.48,153.22,145.13,134.39,129.20,120.30,114.04,107.42,102.83,98.49,92.57,91.02,87.24,82.46,77.23,73.50,70.41,66.40,61.33,58.03
141.82,159.25,170.00,182.78,197.39,206.93,215.04,223.61,228.08,232.95,236.73,241.92,242.42,243.51,245.74,247.14,249.83,253.90,253.84,255.64,252.72,254.35,252.72,255.23,254.06,250.00,237.17,227.34,217.83,205.77,196.31,183.14,163.11,153.44,144.64,132.65,128.36,120.20,114.83,108.21,100.57,96.25,93.54,90.80,87.10,84.88,82.86,78.31,75.03,71.42,65.15,61.52
142.39,160.61,171.41,186.13,196.35,209.77,216.09,224.38,232.11,238.11,238.61,244.12,249.33,248.74,249.61,250.91,253.88,256.91,258.13,261.09,261.27,261.37,262.82,261.61,262.48,262.68,250.83,236.08,233.00,222.77,212.53,200.81,187.52,178.34,170.07,160.82,155.21,146.60,140.43,134.73,130.08,124.04,120.22,115.52,112.90,105.12,101.79,95.88,93.74,90.67,78.59,73.41
134.48,143.85,154.35,166.60,179.08,193.19,203.07,210.79,215.19,220.11,225.87,228.90,233.73,235.14,235.64,236.29,238.61,241.63,245.13,248.57,248.31,250.46,253.01,253.30,254.83,253.89,247.01,237.86,234.01,226.61,218.30,207.78,195.17,190.07,185.08,175.41,166.83,162.98,154.38,151.38,146.60,139.23,136.12,131.03,127.31,119.36,113.56,108.41,103.60,97.16,87.92,79.98
129.27,145.33,155.21,168.31,175.80,189.45,194.08,201.80,208.08,211.92,216.42,221.24,223.26,226.17,227.85,231.81,232.05,235.59,238.82,243.31,244.01,246.22,249.27,253.00,254.95,257.12,249.45,242.84,238.08,232.97,227.85,218.55,209.19,201.43,196.06,191.02,186.02,180.43,175.93,167.08,164.81,158.38,152.75,146.70,142.41,135.33,130.86,122.15,115.26,108.08,97.32,91.24
110.68,123.17,131.55,143.57,152.84,162.39,168.19,175.41,178.73,184.30,189.45,191.56,194.76,195.76,196.01,198.64,202.87,205.01,209.12,211.26,211.45,216.00,216.95,221.42,222.43,225.22,219.11,218.58,214.83,209.41,204.47,198.22,191.64,186.94,180.90,178.03,173.07,169.33,163.98,159.45,155.93,150.80,145.11,140.80,136.72,128.22,125.16,117.41,109.93,102.77,96.05,84.12
119.44,134.12,145.87,155.65,164.51,176.77,183.22,191.06,193.96,199.72,203.83,208.09,209.12,209.85,211.10,214.72,219.46,221.47,226.74,227.71,228.48,231.68,237.36,238.17,242.39,241.10,240.60,235.75,232.18,230.22,225.62,218.45,212.00,207.89,203.96,199.45,196.74,187.92,184.33,179.79,177.34,168.94,165.15,158.32,156.42,146.49,139.70,131.75,126.21,119.27,106.73,95.21
124.95,138.70,151.27,163.62,169.29,183.44,188.06,196.73,202.15,206.65,209.70,213.53,215.41,219.15,219.24,221.38,225.11,227.09,232.42,235.48,234.62,238.46,243.18,245.96,248.17,249.26,245.54,243.77,239.76,237.00,233.55,227.40,223.38,219.06,215.45,208.83,207.23,202.41,196.09,190.92,188.22,181.62,177.50,170.85,169.53,157.05,151.86,140.66,135.76,126.63,113.99,102.61
118.07,131.40,141.52,152.50,159.53,171.29,176.32,182.78,184.74,188.10,190.92,194.16,194.74,196.02,197.69,200.01,200.57,205.25,205.12,205.23,206.53,207.97,209.42,213.86,213.24,215.75,214.60,213.91,211.25,209.24,208.36,204.75,206.32,203.09,197.09,194.91,192.52,189.62,185.16,181.57,179.85,176.92,170.42,165.42,163.08,151.21,146.24,137.87,131.14,122.09,108.60,98.74
122.70,139.30,148.93,159.11,166.44,176.92,184.59,189.97,194.74,196.79,199.57,203.00,205.30,205.80,207.62,207.39,211.09,212.98,214.48,217.01,219.00,219.71,222.61,225.39,225.22,229.09,227.55,226.55,225.42,222.52,222.52,217.96,217.55,213.84,207.18,206.12,203.54,200.41,196.24,190.00,189.74,183.96,179.07,173.35,169.85,156.47,149.50,141.82,133.79,125.06,111.62,101.14
120.07,135.92,142.77,149.47,155.08,165.05,169.67,171.13,170.65,173.22,175.15,178.37,178.22,178.57,176.92,177.10,178.75,179.00,179.28,181.60,181.65,185.01,187.75,189.51,191.31,196.04,196.76,199.54,199.20,197.80,201.54,197.89,200.80,199.90,193.06,193.83,188.35,187.11,181.99,181.11,176.14,172.53,169.37,164.56,161.94,148.03,142.62,132.97,123.98,115.52,105.00,95.02
123.98,141.03,145.44,154.21,161.11,168.58,170.86,167.19,165.64,164.20,162.56,160.12,158.37,160.18,154.73,148.41,148.52,144.84,144.89,144.40,142.39,141.66,141.11,142.71,143.00,154.43,161.19,166.46,169.10,171.71,170.00,177.55,183.88,185.61,184.57,185.21,185.93,179.07,182.20,176.95,173.68,169.25,161.81,159.20,149.77,142.17,131.14,121.64,115.04,104.00,94.11,83.17
124.33,138.60,143.18,153.29,160.80,168.72,169.85,169.18,168.47,166.08,163.68,161.40,160.64,159.88,157.89,150.71,151.01,147.14,149.68,148.37,148.19,149.26,148.97,151.34,153.72,165.64,172.03,176.83,180.14,183.22,180.85,188.83,195.13,195.43,192.67,195.14,194.44,187.24,188.83,182.66,181.14,174.39,167.26,163.62,154.26,143.54,132.26,124.10,116.28,104.14,92.35,81.74
115.21,128.27,133.88,141.82,146.77,155.63,156.54,158.34,154.01,152.71,151.21,153.69,153.64,152.46,150.66,146.54,146.01,148.00,147.65,147.57,148.92,154.30,157.20,159.48,159.29,167.03,180.61,181.74,183.66,188.00,188.68,189.59,195.83,198.08,195.42,192.48,190.91,186.96,184.26,180.32,177.00,172.24,163.22,159.01,151.33,137.30,130.36,121.20,111.99,104.39,92.36,82.38
110.86,120.83,126.61,134.33,141.90,149.04,150.57,149.34,150.22,149.34,148.56,147.03,146.41,150.15,149.58,144.50,149.00,145.24,146.32,148.48,151.99,156.71,160.43,163.22,168.44,174.94,185.07,188.92,192.04,194.54,195.23,198.34,202.00,203.42,200.41,198.30,194.13,189.84,187.10,181.62,175.73,171.55,163.37,158.70,151.92,142.00,132.97,123.44,114.28,104.36,95.67,83.19
93.86,101.77,106.68,112.33,117.24,123.07,124.39,126.92,126.49,130.18,131.90,134.81,137.20,138.65,137.36,139.29,145.44,146.09,149.88,152.63,161.82,169.25,173.63,180.71,185.92,193.99,204.08,202.94,203.35,208.39,206.39,202.37,203.84,204.47,201.26,196.16,189.97,186.72,182.66,176.41,173.46,167.03,160.33,154.32,149.97,139.72,129.52,120.51,111.79,102.24,92.28,81.27
107.63,119.87,127.28,133.70,139.59,146.09,147.60,148.66,149.72,150.66,150.84,150.44,151.82,149.86,148.10,148.22,150.31,151.95,153.38,153.42,163.71,172.51,175.92,182.94,192.46,198.92,214.27,215.61,224.18,226.35,226.60,228.11,230.87,231.72,225.06,222.17,217.62,211.68,208.14,203.74,199.80,189.40,183.58,177.49,171.27,156.01,146.77,135.92,127.28,118.60,104.66,91.39
103.75,116.11,121.24,130.10,134.21,141.04,142.86,144.36,143.06,143.25,143.38,144.50,142.86,145.78,142.84,143.13,147.49,146.37,152.27,156.71,167.07,179.49,185.27,192.26,203.71,214.35,231.84,233.26,236.38,241.13,239.75,241.91,240.30,241.09,235.21,232.13,226.88,220.78,217.87,212.23,206.52,199.86,192.00,185.22,179.01,163.84,154.38,143.89,133.66,124.62,112.06,96.90
95.08,105.00,111.57,117.09,126.61,132.59,135.62,137.89,139.09,136.82,142.28,140.58,140.52,144.59,140.36,140.04,142.52,144.80,149.86,155.93,166.59,173.25,182.48,193.29,201.56,213.18,227.20,224.64,231.22,234.47,233.94,231.25,230.05,228.98,223.16,219.54,216.63,211.60,208.69,203.04,197.43,189.17,181.80,174.54,166.23,152.61,145.10,134.83,124.46,114.48,102.79,90.80
97.80,109.66,114.62,120.07,125.67,129.99,133.84,133.22,132.22,131.19,131.24,130.97,130.39,129.88,133.28,137.06,139.59,142.21,152.80,161.24,169.55,186.90,192.77,200.30,210.28,216.57,238.21,241.12,243.67,245.65,246.87,241.30,239.93,241.42,233.91,230.96,225.28,221.40,215.41,209.61,201.56,195.65,187.11,178.49,171.45,155.47,144.28,132.61,121.43,111.22,100.40,87.24
100.46,112.61,119.64,126.29,132.61,137.31,143.84,145.77,145.24,144.84,144.35,148.56,150.23,144.06,143.28,145.88,151.20,157.03,161.41,171.35,181.12,194.83,207.00,216.81,227.18,233.11,242.89,243.51,246.62,246.25,242.87,239.62,235.80,233.35,227.30,224.85,218.05,211.00,208.93,202.36,195.92,189.45,181.22,173.57,165.71,151.80,139.70,131.24,120.60,111.73,97.51,84.43
127.20,137.93,147.36,159.91,171.97,182.65,193.76,208.87,208.73,217.45,224.47,229.37,234.61,239.87,243.90,248.82,254.10,260.43,262.13,265.17,265.83,268.29,265.05,269.94,268.68,260.49,259.79,251.43,249.27,240.20,235.79,224.34,213.06,208.32,203.48,195.90,192.01,185.08,180.49,177.34,173.88,168.31,163.08,161.28,157.61,155.72,150.44,143.95,138.06,128.66,120.90,111.07
67.27,66.24,41.11,21.63,16.28,26.93,41.11,54.78,63.51,63.60,67.01,63.63,64.13,65.31,58.52,53.01,46.10,38.64,27.80,15.00,11.66,27.20,45.97,65.15,85.84,101.07,144.20,155.63,169.96,171.94,177.40,174.18,178.60,181.69,180.45,177.13,170.39,167.66,158.90,155.21,148.63,139.18,132.48,120.81,115.11,92.31,83.29,74.43,64.66,55.01,46.65,43.91
132.41,132.19,90.35,54.12,89.02,113.86,149.90,107.49,116.97,117.66,122.61,104.81,109.49,110.44,109.29,99.46,88.60,90.80,88.84,81.06,63.32,66.65,67.08,85.09,94.05,116.97,169.78,174.04,181.25,188.85,189.84,189.04,190.21,187.86,183.41,180.04,170.53,164.62,160.03,151.12,141.51,131.10,122.35,111.89,101.04,82.76,74.33,65.76,59.08,50.77,45.10,36.89
85.15,90.47,80.01,71.17,54.08,35.51,31.78,41.05,43.10,52.61,56.36,62.24,69.32,70.03,71.51,72.84,73.05,75.17,76.48,70.68,76.22,75.61,85.00,92.57,114.28,132.64,145.04,159.45,174.00,179.13,178.44,180.04,179.84,182.66,174.60,172.79,163.68,162.98,151.43,143.69,131.19,119.52,107.56,93.38,84.76,64.03,58.31,52.77,46.10,43.01,37.95,34.71
129.52,143.18,146.82,155.00,165.60,174.67,187.56,213.94,220.66,225.80,227.08,230.59,232.43,233.66,234.92,243.29,250.29,255.00,259.27,265.24,265.84,272.72,276.06,276.52,276.13,276.50,245.39,220.74,206.81,192.37,182.02,165.30,149.01,148.31,144.31,139.94,133.99,129.55,128.89,133.66,132.88,136.78,134.16,140.89,141.77,146.01,144.51,139.18,133.15,130.05,122.38,112.64
141.32,155.05,160.33,171.21,184.59,192.02,203.44,215.34,216.60,225.86,233.14,238.13,244.50,244.63,248.52,253.31,260.42,266.61,270.93,274.30,277.97,286.06,286.00,288.52,286.36,288.85,274.65,261.20,254.95,241.60,229.46,212.88,192.92,186.17,179.49,171.69,165.95,159.33,160.08,158.83,153.00,157.00,156.16,158.00,156.32,156.67,152.23,145.80,139.74,133.60,123.98,113.53
137.57,152.84,157.87,168.51,180.31,186.53,198.48,207.71,208.83,217.41,223.37,229.26,234.34,236.86,241.30,244.76,251.08,256.73,264.00,264.09,270.42,274.85,280.72,282.64,284.43,285.67,279.33,265.86,259.49,253.97,246.63,233.34,217.46,214.87,205.63,199.49,195.00,186.45,183.22,182.54,179.55,177.29,172.36,170.29,167.97,160.82,157.14,148.25,141.01,132.42,124.40,113.99
134.73,149.25,156.46,169.03,179.98,188.07,195.79,203.96,206.40,215.24,221.00,224.56,230.79,233.31,235.64,241.78,244.28,249.91,253.62,254.21,259.48,262.07,266.91,269.46,268.82,269.31,264.37,255.78,252.40,242.00,237.47,225.83,211.52,209.57,200.81,196.46,190.29,183.99,179.78,175.41,173.49,171.47,163.22,161.01,157.46,154.99,148.06,142.28,134.24,124.62,118.38,106.63
125.77,140.06,150.88,161.83,172.82,179.78,188.83,195.60,200.12,206.20,212.90,217.15,221.69,221.71,226.50,231.46,235.05,240.43,245.07,243.48,246.88,250.38,253.71,256.80,257.53,254.02,249.11,240.10,236.03,225.18,220.68,207.52,194.49,190.80,180.83,177.79,172.74,167.94,162.66,158.78,155.17,154.35,147.87,144.81,142.17,140.47,134.47,127.82,121.81,114.21,107.54,97.87
138.88,155.08,165.60,178.06,191.80,201.84,214.25,222.41,226.57,233.80,243.08,249.24,253.81,257.19,260.84,266.75,271.18,279.23,281.81,283.38,286.78,290.62,293.52,297.00,295.60,292.48,284.99,275.04,268.15,255.69,253.18,236.91,218.66,215.39,204.38,200.82,193.21,186.12,181.22,178.01,172.63,171.33,165.87,162.27,160.59,156.92,150.76,144.59,135.37,127.88,121.15,109.99
127.66,142.44,151.60,165.08,177.49,187.00,196.56,209.42,214.08,221.92,227.04,235.16,240.83,242.62,246.53,251.54,256.33,262.47,267.84,268.03,270.82,274.37,277.22,280.83,277.72,278.66,271.04,259.56,253.71,244.37,238.16,222.80,209.25,204.02,195.92,190.79,183.63,174.59,170.99,168.58,165.85,161.20,157.44,153.59,150.34,144.31,138.35,134.03,127.91,119.97,112.79,101.64
141.65,157.87,165.08,179.12,192.07,203.97,214.48,225.85,231.81,240.20,247.16,254.40,257.42,261.84,264.07,270.28,275.09,282.21,284.61,285.24,287.98,292.59,297.02,299.93,296.62,297.11,288.80,278.79,272.28,261.23,256.04,240.52,224.29,217.81,208.95,203.48,197.31,189.31,183.97,179.47,174.55,171.83,163.37,162.09,157.32,153.57,147.58,140.70,130.29,123.24,116.87,105.12
122.98,138.11,145.60,156.00,170.76,181.40,191.13,200.02,204.71,212.76,219.00,221.65,225.28,228.89,231.66,234.83,239.14,242.55,245.66,247.72,248.89,252.05,255.00,258.80,255.16,253.79,247.29,238.80,235.53,224.62,221.05,207.09,194.49,189.83,183.74,176.01,173.30,164.40,163.11,157.00,153.33,152.64,145.25,141.52,138.76,135.15,129.03,122.38,115.95,109.88,101.77,92.78
124.96,141.68,149.00,161.05,176.64,184.44,198.08,208.39,210.98,220.05,224.50,228.89,233.24,234.16,237.80,237.42,244.75,248.36,250.45,247.78,250.59,253.57,258.05,258.14,255.73,255.88,248.47,238.20,233.31,227.73,220.48,207.15,195.02,192.46,186.43,179.08,173.74,166.63,163.25,162.53,158.86,156.32,153.01,149.80,146.63,141.88,135.48,130.67,124.54,116.66,109.22,99.37
117.52,132.40,142.13,154.98,168.44,179.45,189.84,200.88,204.95,212.13,218.32,224.12,225.64,231.87,232.17,236.13,240.95,244.24,245.51,245.22,247.99,251.72,252.07,253.69,252.29,251.14,245.80,233.19,227.38,221.33,216.46,202.23,192.51,189.93,184.76,179.01,174.35,167.03,165.80,166.82,162.93,161.15,157.70,154.49,153.40,149.01,143.17,137.19,131.18,123.02,115.38,106.02
108.76,123.00,129.28,141.51,154.35,163.47,173.59,185.19,189.08,197.43,200.81,206.32,210.09,212.82,212.76,215.75,221.25,222.89,227.72,224.96,226.24,225.56,227.50,226.49,223.65,227.26,220.06,210.62,203.81,196.40,189.74,177.03,170.02,166.48,161.40,155.05,151.92,145.65,145.45,145.84,140.04,140.25,138.06,133.87,132.97,125.72,123.04,117.39,110.37,104.96,98.01,89.09
124.63,140.46,147.80,162.61,176.65,189.76,197.62,210.83,214.67,224.86,227.77,234.96,240.20,240.69,245.35,247.84,253.00,255.38,258.57,256.91,257.62,258.60,260.36,260.65,257.86,260.68,252.34,240.69,236.24,226.34,220.71,207.41,197.09,194.70,187.36,181.18,178.49,171.82,173.36,174.90,170.01,168.87,166.21,163.93,161.53,154.55,149.63,144.07,136.12,128.55,121.49,109.84
122.97,139.44,146.71,160.03,173.08,185.53,194.59,206.49,209.58,217.60,225.00,230.65,233.31,237.59,241.90,241.63,246.59,249.47,254.75,252.24,249.58,252.58,256.14,256.18,255.56,252.98,247.73,237.51,233.24,223.66,217.35,207.15,195.26,194.49,187.22,184.20,178.04,175.51,173.10,173.76,171.77,169.43,166.40,163.98,163.40,158.62,153.88,147.61,138.51,132.19,122.49,111.00
133.30,147.14,159.93,170.31,184.20,197.00,207.23,220.06,222.73,227.56,237.00,244.18,246.76,249.38,252.93,255.15,259.11,261.47,268.40,265.84,266.02,269.55,271.94,273.49,271.83,268.17,261.70,252.29,246.40,236.64,229.24,218.07,203.89,201.52,194.76,188.17,184.38,179.03,176.23,175.82,171.05,169.64,164.84,159.84,159.20,156.54,150.01,143.57,136.07,129.00,119.04,108.17
126.21,141.45,150.79,164.60,176.62,189.13,196.22,209.16,213.38,223.52,229.47,236.99,239.02,243.21,247.42,249.88,252.55,257.07,259.68,260.00,260.32,264.32,266.10,269.31,267.53,266.65,257.73,249.43,244.56,234.61,229.97,217.35,204.09,200.49,193.83,186.23,182.53,176.53,173.35,173.46,169.00,162.35,160.31,156.85,154.47,150.27,144.47,137.54,130.97,123.45,114.63,104.69
121.28,137.67,146.60,157.84,172.19,181.59,193.20,202.61,207.71,214.84,222.85,226.63,230.78,233.38,238.30,238.67,244.04,244.99,250.69,249.81,251.48,254.70,256.39,257.86,256.64,256.02,249.23,240.00,235.60,226.14,222.09,208.08,196.36,191.92,187.38,182.27,177.49,174.26,170.32,167.36,163.00,163.68,157.21,156.26,154.21,151.21,146.03,139.06,132.65,124.65,117.39,107.17
111.80,128.02,136.49,149.48,162.79,169.19,181.66,190.14,193.40,199.62,207.17,211.00,214.95,218.05,221.06,221.16,227.00,227.40,232.85,229.83,231.03,234.36,234.01,236.07,234.05,231.46,225.58,218.82,213.46,204.46,200.30,189.02,178.55,174.77,171.21,167.26,163.23,160.10,157.54,156.82,154.12,155.32,149.83,150.81,148.00,147.65,143.00,137.61,130.03,123.99,116.10,107.22
128.32,141.90,149.09,163.89,179.63,187.77,194.76,206.02,206.16,215.19,221.72,229.44,233.42,233.50,234.78,241.00,245.07,246.86,250.80,247.13,248.36,251.98,253.65,253.02,250.55,250.53,244.40,233.48,227.77,222.18,214.61,201.46,193.13,194.49,190.38,185.72,180.74,178.44,176.78,179.37,176.64,175.00,174.81,173.05,171.17,167.76,161.92,154.87,150.24,140.39,131.40,121.38
107.70,120.88,125.03,139.74,148.85,159.78,169.73,183.13,185.00,194.52,200.83,207.21,211.26,212.05,213.28,219.78,223.81,225.20,228.32,225.02,223.90,224.80,223.27,223.00,223.33,220.68,214.44,203.19,199.46,193.77,186.94,178.49,169.61,168.77,169.73,164.03,163.17,161.40,161.42,166.64,166.51,167.72,166.24,167.72,166.24,166.21,161.94,155.80,148.68,142.41,136.00,124.17
138.22,152.01,164.56,180.54,188.22,203.27,213.40,224.06,226.29,232.55,239.40,245.03,248.36,247.64,246.86,253.24,254.66,256.40,259.86,256.04,253.90,255.22,253.82,250.70,249.90,247.03,236.03,221.47,218.36,210.04,204.79,192.57,185.01,184.72,182.58,178.40,175.85,174.04,173.57,176.78,176.71,173.49,176.16,173.88,172.24,171.33,164.81,158.40,152.85,146.24,137.00,126.25
143.54,159.62,170.14,183.37,196.77,208.06,222.25,230.87,234.34,240.86,247.82,252.72,255.86,257.24,257.72,260.10,264.20,264.43,267.74,265.36,261.49,262.23,260.02,259.14,255.64,255.15,239.58,224.54,218.02,212.51,205.06,195.04,184.20,182.08,177.49,173.99,170.18,169.10,167.39,169.78,169.81,170.14,169.66,171.14,169.01,166.36,162.41,158.11,150.76,143.89,133.06,123.71
141.79,158.40,170.00,183.46,199.54,212.05,224.38,233.81,238.93,245.66,253.48,257.34,263.07,265.71,266.69,269.45,274.59,274.23,278.19,275.93,271.04,271.66,270.44,269.05,264.94,261.01,245.52,232.45,226.43,217.04,210.38,196.58,184.17,179.98,176.95,171.35,168.32,166.64,162.63,161.70,158.32,162.27,157.80,159.39,158.26,162.79,157.18,152.80,146.41,137.93,130.73,121.63
141.40,159.35,169.17,182.99,200.06,211.29,222.32,231.95,234.80,242.44,248.87,254.87,258.60,258.21,261.46,264.01,269.08,268.79,273.08,268.08,264.76,265.67,266.49,262.55,259.67,254.16,243.02,228.32,221.93,211.55,204.98,189.64,179.85,177.02,170.26,166.47,163.11,161.30,157.92,157.50,156.31,159.53,154.03,152.61,153.72,155.56,152.55,148.61,142.09,135.96,128.46,118.83
119.07,132.91,143.56,156.11,173.95,182.58,194.47,205.12,209.90,216.97,223.81,227.07,230.27,233.31,233.36,237.23,240.42,241.30,246.00,239.93,235.30,234.97,233.45,230.59,228.04,223.02,211.85,199.54,193.75,186.04,177.91,167.53,156.46,154.35,149.86,146.01,142.84,140.72,139.18,141.09,138.51,140.72,138.42,137.46,138.75,140.89,138.13,133.02,128.89,122.97,114.24,107.17
143.84,159.40,172.35,185.15,200.17,214.25,224.59,236.25,239.64,244.25,252.94,254.26,258.03,260.34,262.37,265.80,268.48,269.05,271.94,268.11,264.09,262.64,261.90,260.11,254.89,249.72,235.54,224.40,215.52,206.21,200.57,186.19,174.81,168.24,165.75,161.05,160.00,157.62,155.71,154.50,153.40,156.29,152.33,153.57,154.31,155.72,152.12,147.63,142.41,137.00,127.77,117.96
134.32,149.88,163.23,177.54,192.51,205.78,216.89,229.07,231.14,239.40,242.74,249.78,251.02,253.66,254.58,258.12,260.63,261.68,265.28,258.54,254.57,254.39,250.05,246.33,243.52,238.84,226.63,213.46,207.35,197.67,191.03,177.41,167.71,166.42,164.44,159.38,157.01,152.16,152.76,154.47,154.83,153.05,154.26,154.56,153.67,154.03,150.59,145.44,141.23,133.75,126.75,116.43
132.97,149.60,162.00,175.21,192.31,203.86,210.80,220.98,228.64,231.14,239.92,241.95,245.37,248.47,248.73,252.11,256.12,255.16,256.88,253.57,250.53,244.61,245.23,243.03,238.27,232.81,220.84,208.06,201.32,193.83,187.61,178.37,170.07,164.20,162.25,157.88,154.93,153.65,152.32,153.22,152.49,154.47,151.00,153.21,152.32,152.95,148.41,144.31,136.40,128.86,123.56,114.77
138.88,159.30,172.41,186.69,201.07,214.85,221.69,232.12,239.20,243.82,249.27,253.03,256.03,259.79,262.23,265.12,266.99,268.49,269.23,265.06,263.55,260.17,257.31,253.50,249.93,244.88,232.31,220.47,212.85,203.93,196.24,187.72,179.03,172.41,169.66,165.11,161.97,161.77,161.01,161.45,160.86,160.82,160.35,159.81,158.43,156.58,153.12,148.85,142.41,135.60,127.91,118.07
134.84,155.32,173.81,191.13,201.76,214.28,222.80,233.09,240.63,246.13,248.51,255.28,258.43,260.11,259.12,265.17,266.83,265.42,267.44,262.80,256.74,254.17,249.71,245.20,239.40,235.26,218.01,206.17,196.47,187.98,180.09,172.59,160.20,155.96,153.65,151.21,149.26,147.01,149.27,152.50,154.16,156.02,155.90,156.52,156.40,156.31,153.94,147.56,139.45,133.18,125.21,113.74
146.60,162.86,178.04,190.79,200.17,214.11,222.14,235.72,242.16,248.11,254.33,261.22,263.79,264.80,266.23,270.78,270.66,274.43,275.39,272.26,268.11,265.24,260.77,255.52,248.48,241.18,227.02,207.42,194.24,182.62,176.53,162.48,151.91,149.46,149.89,144.94,147.46,145.28,146.16,150.42,152.46,155.54,159.38,160.43,160.31,158.81,155.24,147.92,144.56,137.06,127.62,118.51
140.93,157.16,165.56,182.66,191.23,204.47,212.81,224.38,228.97,236.07,237.00,246.74,248.79,250.39,249.69,254.02,257.71,260.02,258.86,256.12,252.24,248.89,245.70,240.35,235.17,229.20,213.85,195.69,185.00,174.64,166.88,154.24,144.92,143.06,141.16,137.30,136.56,136.31,137.12,142.39,144.94,145.50,149.46,152.23,152.40,153.03,151.08,145.09,139.67,132.09,126.21,116.52
138.41,154.21,164.98,178.36,189.17,200.68,210.64,220.06,226.37,232.82,237.07,243.65,246.71,246.76,247.54,253.57,256.46,258.80,259.70,255.49,252.01,251.03,248.97,244.40,238.14,235.37,218.45,202.57,192.61,184.44,176.16,164.35,156.54,154.40,148.68,149.22,147.31,143.95,144.51,148.11,148.30,147.53,148.73,149.70,150.96,150.59,147.28,143.92,138.11,130.51,126.15,117.61
127.48,142.86,153.21,167.37,175.41,187.56,198.13,213.22,217.95,224.70,231.49,238.47,242.17,244.20,246.66,252.00,255.84,258.40,260.46,257.82,257.30,255.27,253.25,249.80,246.16,236.78,217.06,204.92,196.08,182.85,178.02,165.22,155.94,151.48,146.70,146.41,145.50,143.50,144.20,146.45,148.19,149.91,149.80,150.34,150.55,148.25,145.06,138.93,135.10,128.95,122.02,113.64
147.31,166.31,179.78,193.81,203.97,218.36,228.18,241.47,251.80,256.19,263.23,269.02,274.24,275.12,278.35,282.42,285.95,287.17,288.18,283.49,280.53,277.20,273.59,265.85,257.80,251.75,231.66,215.13,208.46,192.31,186.13,174.69,161.61,159.62,152.63,148.81,146.16,144.06,143.28,144.50,146.11,145.91,148.07,150.60,150.31,151.71,149.24,144.93,140.43,134.41,126.91,119.41
144.96,159.78,173.57,187.32,203.35,214.40,223.18,237.92,246.20,252.48,258.86,265.24,269.06,269.81,267.05,270.45,275.47,275.19,277.28,271.66,264.48,262.61,258.81,249.01,242.89,234.14,213.35,195.98,185.27,175.41,165.85,156.35,143.10,138.00,132.88,127.28,121.49,122.10,119.22,122.78,120.81,123.10,127.06,126.29,133.30,143.89,144.22,138.06,133.79,128.71,125.87,115.07
135.91,154.02,174.07,186.08,201.66,215.19,227.13,241.60,248.40,255.89,261.01,265.40,274.01,272.92,276.08,281.09,282.82,288.77,287.61,287.25,280.14,275.07,271.94,264.03,253.16,241.81,217.10,201.40,193.46,172.49,168.08,158.22,147.71,140.00,133.81,135.68,134.47,135.33,135.98,136.03,141.21,147.76,151.92,157.70,161.97,166.05,165.47,159.81,156.59,150.16,143.89,133.00
150.71,170.49,183.32,198.76,211.57,226.50,236.04,250.57,254.89,259.62,270.74,273.24,279.34,279.80,280.30,285.73,286.78,290.00,289.75,284.45,273.00,272.37,269.76,260.68,253.51,242.57,224.36,205.83,193.07,182.65,170.21,158.32,141.68,136.85,125.67,120.28,116.18,111.66,108.00,107.42,111.61,107.07,109.60,108.56,110.91,117.64,117.28,115.04,113.95,110.69,108.00,99.64
148.14,165.08,176.47,193.35,203.19,220.19,226.93,244.25,249.93,253.65,261.61,265.19,270.75,271.49,273.72,277.48,279.55,282.11,280.14,276.02,265.97,262.69,260.32,251.54,242.01,229.92,209.61,193.35,180.28,167.51,159.67,144.56,128.43,122.35,113.60,107.70,105.99,101.98,98.84,97.94,102.47,99.73,101.52,102.42,104.39,108.24,105.55,105.02,104.39,100.90,95.72,89.83
144.06,163.82,179.98,195.04,207.88,224.93,235.64,250.44,258.65,264.32,272.62,278.24,277.97,282.69,285.78,289.39,289.36,290.90,289.39,285.38,276.33,273.16,265.84,259.23,252.72,240.65,211.92,195.23,183.70,166.46,156.22,144.25,130.23,122.07,114.95,113.09,112.93,110.22,108.47,109.66,111.76,113.07,114.04,113.04,115.73,119.64,115.43,112.70,113.16,110.32,104.56,98.68
137.93,155.67,169.96,182.99,197.25,211.03,222.50,238.61,244.98,250.25,258.10,265.86,269.56,270.80,270.60,274.14,276.92,278.06,278.49,275.77,264.94,262.41,258.03,248.43,239.14,227.18,203.93,191.92,174.79,160.72,152.40,138.45,130.18,125.60,125.16,122.89,121.20,121.43,123.22,127.32,127.32,126.30,126.49,124.62,124.42,128.46,124.52,121.40,118.07,114.48,109.00,100.58
133.66,149.00,161.77,177.05,189.74,206.35,215.63,228.53,235.61,243.24,251.59,253.01,256.98,258.66,260.51,263.83,262.26,264.56,264.46,260.50,249.88,246.91,240.47,232.12,220.00,207.45,184.11,168.62,157.88,145.58,134.41,123.55,116.04,114.28,114.06,115.95,118.70,118.34,123.15,125.63,128.08,130.61,131.73,131.23,133.22,141.68,138.19,136.69,131.87,128.56,124.15,115.00
119.67,137.88,151.33,163.62,175.38,189.93,196.74,211.00,217.80,221.42,226.27,232.82,235.75,236.02,238.74,241.00,239.79,243.90,239.40,240.13,229.37,223.56,221.14,213.47,207.10,195.62,169.07,152.59,136.19,119.77,99.62,86.98,86.28,93.34,101.41,107.42,112.87,118.31,127.14,131.24,136.19,135.01,137.44,139.74,140.13,142.87,139.39,136.57,136.12,131.02,123.66,112.61
128.00,144.84,155.08,169.81,181.25,194.93,202.47,214.15,219.57,223.32,232.23,233.94,237.69,241.15,243.96,248.13,249.82,251.67,250.33,248.57,237.89,235.32,232.67,223.16,211.81,213.19,202.94,185.05,173.83,161.06,147.14,134.18,102.96,89.27,74.32,75.01,88.14,100.58,111.57,121.17,124.62,131.13,134.03,136.49,137.59,142.27,142.14,137.23,136.82,131.02,125.42,115.28
149.93,166.63,181.40,196.21,208.71,222.06,228.73,244.93,248.72,251.73,258.86,262.23,265.22,264.82,268.16,271.77,275.54,275.54,273.66,272.66,262.01,261.12,257.11,252.88,248.85,239.60,202.31,182.60,163.09,148.79,129.36,109.02,72.62,54.49,47.89,48.66,66.19,82.87,100.13,110.64,120.60,130.06,138.10,144.84,146.63,154.77,155.67,150.21,150.44,144.63,138.19,129.45
138.24,153.06,165.08,179.07,195.72,209.03,217.31,226.72,231.40,237.08,245.52,246.66,251.10,250.84,251.25,254.66,258.50,256.53,256.13,250.51,239.61,238.54,232.22,225.58,211.82,200.42,182.16,164.92,152.03,140.89,128.86,120.57,101.12,91.44,79.03,66.48,49.65,80.96,122.44,139.40,150.78,158.40,158.68,164.92,166.48,172.66,173.05,168.55,164.20,157.54,149.64,141.60
130.05,148.66,158.47,171.96,186.34,197.06,208.52,219.10,223.65,228.69,236.32,237.93,241.91,243.07,242.39,247.17,248.74,249.15,246.22,240.74,234.36,231.68,227.98,220.69,208.00,200.72,186.95,169.31,157.70,149.70,136.62,130.00,111.02,104.29,92.18,78.52,57.87,74.03,112.77,130.73,144.00,150.00,152.82,156.98,160.02,164.11,162.86,159.40,156.60,149.62,140.60,132.82
147.96,168.12,178.87,193.83,207.76,226.27,232.02,243.40,250.06,251.03,261.19,260.65,262.37,261.60,261.94,261.88,260.26,261.96,257.86,254.80,242.54,240.47,234.67,232.43,227.71,223.04,201.69,188.66,182.63,172.79,170.85,160.46,154.56,155.86,154.12,163.42,176.41,187.52,195.41,193.99,194.16,189.79,191.38,189.19,187.38,188.99,186.04,182.66,175.05,168.96,160.08,149.81
142.23,158.76,173.90,186.94,199.91,214.90,220.08,232.31,235.13,238.01,243.21,245.09,246.98,244.24,242.17,241.23,242.98,244.10,240.07,235.03,223.71,219.78,216.54,213.68,208.02,198.91,184.30,173.95,169.43,162.69,158.67,152.83,146.81,151.21,150.33,158.38,165.02,172.86,181.76,186.66,186.63,179.72,185.87,183.46,182.63,180.83,181.74,177.87,170.79,166.97,156.52,146.26
149.64,169.50,179.81,193.35,208.73,221.20,225.28,237.12,242.70,245.15,250.80,249.77,254.47,252.39,250.15,251.32,246.98,249.06,246.45,243.28,232.07,225.72,222.95,216.53,210.61,206.20,189.21,180.23,174.11,165.22,159.05,153.22,146.49,147.01,146.99,150.88,161.00,182.00,193.79,189.02,184.72,184.05,182.48,182.00,184.30,186.20,185.40,179.91,173.97,168.34,159.11,149.33
155.72,172.41,186.12,203.03,215.52,228.02,237.76,249.07,252.48,259.51,262.07,264.46,269.32,267.99,265.58,269.45,267.73,269.45,265.32,261.98,250.23,251.44,244.30,239.88,235.65,228.08,213.86,204.02,198.82,189.59,185.00,178.02,176.65,179.48,179.18,186.68,190.39,195.53,197.25,200.36,201.48,202.07,198.96,195.92,197.45,196.99,195.82,192.09,185.30,179.01,168.96,155.71
139.39,154.73,177.91,187.00,217.79,219.94,242.05,239.24,254.20,252.88,259.01,263.21,257.41,260.66,256.32,256.56,264.22,263.94,255.27,252.05,242.10,235.51,236.04,229.12,218.28,207.86,193.21,182.15,172.15,169.96,159.67,150.42,145.50,140.91,151.60,161.55,168.44,174.93,177.54,180.23,177.79,177.00,173.90,184.10,178.18,176.95,185.88,186.29,167.86,157.01,180.60,173.30
133.82,152.53,165.47,177.26,186.56,199.20,208.09,218.55,221.93,224.51,228.85,229.26,232.16,228.55,227.25,226.63,225.02,225.55,223.09,215.02,203.18,198.96,196.31,190.43,184.23,174.90,156.68,140.43,134.03,126.10,115.35,105.93,93.56,91.68,82.57,77.25,68.60,73.00,86.33,123.33,144.56,151.17,161.25,165.02,170.10,173.18,171.56,167.73,164.76,157.65,148.28,138.71
137.62,156.08,166.21,180.77,194.01,209.62,218.18,228.02,234.20,236.04,246.81,246.16,248.77,249.69,249.72,251.41,249.90,251.56,249.65,247.95,232.74,232.04,224.80,218.84,215.13,208.28,178.03,165.39,157.49,149.47,140.13,131.50,117.89,119.77,116.25,134.01,141.60,148.85,155.27,154.35,158.40,160.55,158.69,159.01,161.99,165.53,163.29,158.67,153.81,149.49,141.43,131.47
160.02,178.89,191.76,207.89,222.30,238.52,246.40,257.08,264.46,268.93,274.19,274.64,279.51,276.70,278.35,278.65,276.60,276.88,274.80,270.31,254.25,250.53,245.35,232.77,221.76,207.65,185.61,170.07,156.39,145.99,133.79,126.14,118.09,121.21,119.08,119.04,121.02,123.33,130.31,138.65,141.51,144.75,151.21,154.67,156.67,162.00,162.36,158.96,160.21,154.63,146.54,137.18
156.54,172.19,187.26,202.63,217.95,229.10,239.75,249.90,255.82,255.56,265.22,264.01,266.83,265.00,263.25,263.93,259.12,260.40,258.32,252.81,237.01,233.99,228.60,215.93,207.17,196.82,175.78,162.34,148.68,137.77,129.00,122.92,116.73,118.71,117.41,119.47,122.19,124.42,132.44,140.43,144.78,148.22,152.54,157.63,161.38,167.30,167.67,164.40,162.82,159.45,151.95,140.25
158.62,178.14,187.22,203.57,217.20,235.03,242.87,254.50,261.73,264.60,270.00,272.72,279.21,277.16,277.51,280.14,275.70,276.13,273.91,270.65,253.16,251.25,243.04,233.81,223.00,208.69,181.80,168.88,155.44,144.09,135.33,127.88,121.08,124.54,123.47,128.74,135.62,141.29,147.73,153.24,159.77,162.64,167.29,170.49,174.75,180.49,177.99,176.58,172.24,169.19,160.00,146.41
161.31,182.16,195.65,208.66,223.09,237.89,249.26,260.02,265.24,269.86,272.79,276.93,280.09,280.28,280.08,279.58,277.94,279.46,277.74,272.52,256.44,253.60,243.92,238.07,225.87,215.34,191.38,173.28,160.22,145.60,139.22,128.72,116.16,120.84,122.71,128.89,134.63,138.71,146.73,154.74,160.85,162.00,164.44,166.90,169.06,174.64,171.30,170.75,165.19,163.49,152.63,143.41
146.33,165.47,174.47,191.69,203.74,217.17,225.06,237.19,242.24,249.06,255.52,257.53,260.93,262.49,264.69,265.10,265.63,267.24,265.35,264.00,250.70,248.81,243.31,238.08,229.03,220.33,203.06,189.08,183.81,171.49,162.41,158.22,150.24,153.50,148.14,152.88,155.17,157.00,160.95,158.45,160.55,163.00,160.59,160.31,162.12,164.25,162.64,157.78,153.48,146.77,139.45,129.99
144.07,162.08,174.92,188.04,202.70,215.13,226.77,238.41,247.82,252.29,259.07,261.84,266.83,268.60,268.58,272.38,275.14,275.53,276.63,273.54,261.32,260.56,256.63,250.78,242.99,232.01,215.80,202.27,196.42,182.88,173.28,165.60,160.22,164.12,158.07,163.31,164.68,164.68,167.87,170.47,171.03,170.08,170.14,169.73,169.33,168.08,166.83,160.21,159.77,153.69,144.01,133.52
154.02,173.67,186.04,203.07,214.98,227.76,239.35,251.24,259.30,263.40,270.86,273.39,277.60,277.69,277.13,281.11,279.90,281.49,279.76,277.22,267.25,263.75,259.16,250.88,249.77,238.21,214.67,201.36,193.26,183.10,175.76,168.30,162.10,168.13,165.28,169.20,173.81,176.78,178.22,176.14,179.94,179.45,179.14,177.63,179.62,181.22,180.57,174.75,170.18,164.76,157.42,145.77
151.99,170.42,183.21,197.74,207.28,221.08,232.11,241.62,250.23,250.95,254.69,257.05,261.43,260.78,260.45,260.22,259.88,259.24,256.13,252.05,238.20,235.05,228.95,219.75,216.67,206.94,176.26,159.03,147.80,136.56,124.23,102.47,78.10,87.09,116.06,142.41,159.05,168.02,173.66,176.78,180.56,177.55,177.80,179.79,181.60,179.81,177.09,172.89,167.66,161.14,151.42,139.61
154.78,170.41,186.64,198.59,210.44,222.02,231.90,241.46,248.93,251.48,257.77,258.52,260.93,261.97,262.09,264.88,264.34,263.45,266.05,261.90,250.83,249.21,246.79,239.34,232.08,219.60,201.40,178.55,158.75,142.06,136.03,134.11,139.09,151.49,150.62,154.57,155.03,159.53,162.19,163.81,167.71,163.11,165.61,164.92,165.22,164.23,159.15,153.05,151.65,144.50,137.30,124.04
149.20,166.48,179.34,192.85,205.04,216.83,226.77,238.80,242.85,248.39,255.24,258.95,262.89,260.87,263.29,266.60,268.48,269.24,272.15,269.78,260.51,258.44,255.00,250.00,247.03,237.43,216.33,198.91,191.69,180.62,169.73,158.90,154.32,156.00,152.27,159.52,157.65,155.44,156.97,159.77,158.80,155.44,155.08,152.12,151.65,149.41,145.33,137.77,137.64,131.61,123.49,113.53
147.96,165.15,177.29,189.62,204.96,217.09,226.88,240.38,247.58,251.79,261.40,265.23,269.94,269.43,272.20,274.24,278.92,280.63,282.01,280.86,274.69,275.19,274.97,269.65,266.84,257.62,247.52,236.76,226.06,220.66,211.07,202.41,191.88,190.12,185.40,178.44,171.96,169.07,166.93,167.26,165.86,160.75,159.41,156.89,154.93,151.16,148.85,142.68,139.09,130.97,124.04,114.95
157.81,177.20,188.10,201.36,215.15,229.43,236.92,250.39,259.62,264.78,272.53,273.99,281.89,282.31,281.51,288.92,287.06,291.11,292.14,292.03,285.30,282.46,284.62,275.49,270.99,267.07,248.48,236.86,229.22,220.74,210.62,203.25,198.43,198.20,186.96,179.51,170.50,162.69,164.15,158.47,159.26,154.93,154.21,152.27,150.63,150.55,146.70,143.06,138.92,132.61,125.72,117.38
157.81,174.77,185.73,199.92,213.71,224.57,235.72,247.07,252.87,257.62,267.93,266.66,274.09,272.61,275.39,280.26,280.24,281.02,284.02,282.11,275.07,273.00,270.01,262.59,255.62,244.88,225.82,212.72,200.42,186.96,180.36,168.96,151.45,146.78,140.43,137.93,136.18,134.06,136.00,134.01,137.06,136.72,132.10,134.65,135.15,134.26,133.30,128.00,125.16,119.28,115.52,107.79
148.07,163.81,174.96,186.75,200.36,209.50,220.43,230.05,238.38,240.76,249.37,251.54,258.03,256.50,258.81,260.77,263.09,263.50,268.26,265.42,258.37,256.98,254.07,247.49,239.70,230.77,215.13,198.31,188.32,175.56,169.86,158.11,144.59,143.42,138.22,135.07,131.89,128.41,129.96,131.65,131.03,127.00,125.10,123.71,121.49,120.31,118.47,113.76,109.66,103.17,98.72,91.24
144.67,163.98,176.31,191.31,204.17,220.73,230.00,242.32,248.87,255.00,264.02,268.02,271.58,272.81,275.75,281.78,282.02,286.40,286.51,286.67,280.05,283.47,276.94,276.81,270.85,262.19,246.56,227.65,216.36,204.50,195.90,180.94,167.03,160.10,153.18,149.12,146.12,142.79,139.09,135.59,134.48,130.74,126.46,125.00,121.20,118.70,116.76,109.88,106.89,101.26,97.58,88.65
126.12,142.95,157.06,171.14,183.17,196.60,205.35,219.06,225.08,228.97,238.32,242.57,246.29,245.54,247.24,252.62,255.16,257.10,256.86,254.64,248.49,250.60,248.03,242.59,241.81,232.56,213.41,203.20,188.96,174.14,159.77,149.88,135.07,134.01,130.38,130.11,123.43,121.02,119.82,120.83,122.16,114.83,116.48,114.34,111.88,110.02,108.19,101.92,99.81,99.02,91.92,85.44
152.47,171.07,185.19,196.02,210.79,221.33,231.25,239.77,246.98,251.70,257.02,260.57,266.27,267.02,266.09,270.84,271.81,275.96,277.03,274.77,267.17,265.96,268.02,262.55,256.10,253.40,237.54,226.05,217.57,211.21,201.14,192.82,188.00,186.96,178.07,169.52,158.09,150.71,148.52,149.94,146.17,140.06,140.24,136.68,136.31,136.06,134.50,131.24,128.41,123.07,116.52,110.91
155.17,176.32,188.31,200.21,215.33,224.32,231.18,240.52,247.49,252.44,257.18,257.16,263.19,267.03,267.53,271.28,272.04,272.21,275.15,272.42,263.64,261.60,259.42,253.00,250.60,241.05,220.63,208.54,198.60,193.07,183.04,173.95,160.06,159.26,152.21,150.00,149.09,150.15,149.38,147.96,145.50,141.09,138.42,135.72,134.83,135.68,135.34,132.46,128.08,122.89,120.10,110.69
148.25,168.18,180.94,196.12,205.41,217.69,225.63,237.23,244.86,247.41,253.55,255.95,259.76,258.54,261.75,264.86,267.27,265.24,268.22,262.23,253.87,250.46,246.61,241.17,237.02,229.69,208.87,197.80,186.56,179.40,170.47,160.72,148.76,148.56,141.82,140.35,137.77,134.81,134.61,133.79,132.48,125.94,125.40,125.28,126.48,124.82,122.58,118.61,117.78,114.63,109.12,99.18
150.65,170.06,181.04,196.89,210.28,224.14,233.79,243.53,251.92,255.26,264.84,265.41,268.56,267.92,270.02,274.37,273.13,273.43,272.44,270.20,263.37,262.15,252.98,249.20,242.41,233.96,219.86,207.71,197.21,188.57,184.05,174.15,162.19,158.94,151.18,147.83,147.51,143.89,142.06,138.13,137.46,136.31,129.69,128.80,127.64,126.21,123.00,117.34,114.74,109.77,104.18,97.20
148.73,166.88,178.73,193.84,205.41,219.78,228.97,239.73,246.94,248.94,257.13,259.33,263.17,262.48,267.93,269.74,270.66,272.88,271.01,269.30,259.11,258.99,252.92,248.65,244.12,234.47,219.49,206.29,199.36,188.09,181.65,171.28,161.97,157.69,152.40,151.03,148.45,144.92,140.94,137.32,136.49,133.81,127.09,127.68,124.79,123.41,121.28,116.46,112.00,107.30,103.00,96.77
158.00,176.47,190.00,205.20,220.51,231.14,243.30,253.90,264.01,267.15,277.22,279.90,284.62,282.53,286.67,290.59,294.21,294.16,298.41,296.32,288.47,288.03,288.14,277.98,274.37,266.69,248.29,235.05,224.62,215.23,203.44,193.94,181.00,176.74,169.59,160.88,155.86,149.93,147.41,145.83,144.67,136.56,134.73,133.09,130.82,131.37,131.64,127.88,126.53,120.42,117.15,107.38
153.58,173.57,184.84,200.11,214.37,228.54,235.77,248.68,256.68,259.65,270.38,270.82,275.77,278.44,280.13,282.14,283.87,291.25,290.50,293.07,285.95,284.25,284.01,279.96,277.25,267.61,257.12,244.77,237.00,226.15,218.83,208.73,192.04,185.53,177.00,168.07,166.07,160.78,156.98,151.17,147.12,142.72,141.06,136.53,138.06,141.04,138.31,135.47,131.83,125.72,121.50,111.83
142.51,159.77,174.50,189.02,201.20,215.15,223.38,235.03,243.52,249.23,254.33,258.38,264.43,265.71,270.93,273.06,277.65,280.61,282.60,280.82,276.21,275.60,274.15,273.59,272.41,263.90,250.06,237.61,228.79,221.12,212.32,199.72,185.01,179.48,172.53,163.98,157.42,152.27,147.00,144.36,140.26,137.84,134.18,132.20,132.37,128.86,125.24,122.44,121.40,117.75,107.38,100.44
143.59,161.94,176.01,191.55,204.46,216.75,228.11,239.21,247.95,252.35,259.31,261.63,268.52,270.28,272.15,273.39,278.44,280.79,282.70,279.03,275.17,271.67,272.53,269.24,268.03,257.13,243.35,233.48,223.89,217.45,203.92,194.10,181.10,174.66,168.68,159.82,157.00,151.65,146.39,143.84,140.66,136.47,133.81,131.38,128.14,124.08,122.41,116.93,115.38,112.38,104.48,97.86
148.93,170.41,181.57,196.79,209.88,222.46,229.84,244.39,252.58,255.54,263.11,264.91,270.82,271.83,274.49,277.48,279.41,281.46,282.18,281.19,277.78,275.77,277.30,269.98,270.49,260.16,244.93,235.47,223.43,214.76,204.20,193.49,180.55,173.22,163.25,156.85,154.87,148.56,142.34,138.28,133.09,128.88,124.19,122.38,120.11,115.11,114.49,111.40,110.29,105.55,102.86,94.85
134.54,152.12,166.21,178.90,188.72,205.30,212.14,231.03,238.66,241.66,251.25,257.11,260.27,266.00,268.79,274.12,276.44,281.37,283.65,280.15,280.67,279.32,278.00,276.48,274.24,266.37,248.82,233.38,226.99,215.87,201.66,191.40,172.24,164.88,153.03,144.68,144.64,132.23,126.57,121.59,122.64,115.36,115.75,114.06,112.72,120.00,116.93,120.31,118.80,117.24,109.04,104.09
72.35,80.62,80.22,104.55,107.42,112.45,116.73,132.23,135.00,139.18,142.56,146.10,148.08,147.96,146.81,153.44,156.12,158.69,156.46,158.24,164.62,169.54,172.05,175.58,183.07,189.62,194.64,194.74,199.97,198.16,198.31,197.34,195.54,190.68,193.21,186.78,183.39,177.69,174.15,168.40,164.07,156.01,148.03,136.97,129.31,105.85,93.09,78.49,65.80,58.08,46.53,41.87
92.70,105.59,113.44,120.84,129.87,141.45,147.58,155.54,160.70,164.84,166.82,173.46,179.48,179.05,183.07,184.81,191.23,194.62,194.14,194.82,201.64,204.62,210.79,212.25,219.33,222.25,223.61,217.45,216.16,214.22,210.24,205.23,198.04,198.24,189.31,187.52,181.00,175.03,171.40,167.24,160.42,151.92,142.23,133.41,127.63,110.15,100.42,92.01,84.77,76.32,65.19,60.42
116.25,133.06,146.41,159.31,170.07,181.84,192.77,207.51,215.41,218.49,222.20,227.85,232.08,231.82,234.16,237.99,239.71,243.77,244.79,240.10,237.01,233.08,234.14,230.67,228.04,222.17,206.20,195.45,187.63,181.76,171.68,161.14,149.75,144.03,140.04,130.97,124.65,118.31,116.28,114.53,113.21,108.71,112.43,109.55,113.72,122.15,123.33,124.54,122.20,121.43,115.04,108.85
122.38,136.31,143.03,151.34,160.70,173.18,173.76,180.55,184.74,188.40,190.39,194.74,200.25,201.36,204.32,204.48,206.53,211.12,214.52,215.82,224.50,225.06,237.15,240.84,245.23,249.15,249.45,245.51,246.07,238.56,235.65,228.00,217.44,211.48,205.41,198.88,193.42,182.54,177.60,168.68,161.25,146.15,137.06,125.40,113.15,90.55,82.46,71.28,65.22,58.52,52.77,46.65
106.02,118.68,123.24,134.24,145.00,153.58,158.34,167.59,167.17,173.03,177.12,179.18,184.29,188.79,193.04,194.83,200.38,204.16,206.16,210.24,218.19,221.84,230.71,236.38,241.35,246.13,248.01,243.02,244.03,237.88,235.55,227.00,215.71,213.24,204.55,201.56,193.55,185.61,178.24,170.58,160.82,152.84,141.41,124.91,107.62,80.40,72.90,63.78,54.78,49.25,44.78,40.36
94.03,109.18,119.82,132.41,144.80,154.28,166.43,179.20,188.22,193.16,198.98,204.08,211.57,212.46,214.28,220.91,220.10,226.38,227.38,224.90,223.04,219.74,220.29,216.62,210.11,207.02,193.22,179.80,173.64,162.19,154.38,142.87,129.81,125.17,119.82,114.00,108.78,103.59,101.84,98.84,101.24,101.98,102.30,106.07,110.16,121.05,121.66,119.52,116.36,113.36,109.90,101.52
75.39,85.00,97.33,110.98,119.47,130.42,139.46,157.65,167.45,171.73,179.18,184.84,192.17,194.50,197.89,203.82,206.31,211.44,215.96,213.38,213.35,211.52,210.24,208.46,205.64,198.31,183.20,175.03,164.76,154.43,147.05,136.47,123.66,118.11,114.48,107.30,103.31,101.61,100.30,100.70,99.76,98.27,101.24,102.00,105.00,107.70,108.19,104.29,105.26,100.18,95.02,89.00
61.13,73.76,90.26,106.89,119.60,134.10,150.08,168.83,178.99,188.22,191.64,200.21,207.97,209.61,212.25,221.47,222.25,231.10,231.35,233.42,230.05,230.41,227.41,225.75,221.38,213.59,200.45,191.26,183.41,170.85,161.38,151.17,135.09,122.33,114.86,110.00,103.31,98.41,99.64,103.25,105.39,106.04,109.02,111.63,108.71,116.43,113.22,109.60,109.11,104.69,96.26,89.47
140.46,152.74,161.93,170.00,178.08,187.54,193.24,200.82,202.24,206.04,205.83,211.26,215.54,213.86,216.75,217.35,219.54,223.60,223.18,222.87,221.20,222.32,225.80,220.87,235.77,218.23,174.35,202.20,216.09,210.10,204.32,197.06,188.48,187.45,180.47,174.20,171.11,166.64,159.51,159.23,157.08,140.63,115.97,106.02,94.83,83.35,79.63,75.31,70.34,66.40,56.36,52.24
126.87,140.86,147.23,156.08,166.03,172.59,177.51,185.43,183.98,189.55,189.31,190.87,193.26,197.31,196.82,197.27,200.82,202.09,200.17,196.46,199.25,197.23,201.72,200.82,204.14,201.91,197.00,194.28,189.31,181.02,177.18,172.20,163.88,152.86,150.81,141.36,136.62,130.98,122.77,115.26,110.00,102.00,91.71,83.60,80.06,71.47,68.59,65.00,61.03,56.36,51.09,48.08
140.07,156.73,162.25,173.97,182.45,190.10,197.04,204.24,204.79,207.69,208.03,213.36,218.52,217.81,217.94,219.35,223.19,225.57,224.59,225.34,226.64,226.21,233.60,234.64,234.31,240.86,239.89,234.80,232.17,226.92,222.38,212.92,206.30,203.40,194.47,189.45,181.14,174.64,167.34,161.60,153.15,142.71,131.70,118.04,103.73,80.06,69.07,59.81,55.87,48.38,39.20,35.51
134.95,148.50,157.05,167.37,174.77,180.71,187.67,194.14,196.90,200.55,202.63,204.94,208.40,209.23,209.70,211.99,215.93,219.13,222.10,219.69,222.14,222.52,230.67,229.63,233.00,240.52,238.30,232.59,231.40,226.00,220.05,212.95,206.81,205.65,194.73,189.51,178.40,173.82,167.89,162.08,153.29,143.56,131.89,117.32,103.08,83.35,69.89,63.15,60.88,50.99,42.94,39.01
128.00,135.09,142.17,147.36,153.31,158.69,166.47,166.30,170.10,173.66,174.07,178.32,182.89,181.34,184.11,183.17,187.48,189.45,192.01,187.72,195.49,195.09,203.75,208.25,212.84,217.64,222.90,222.30,221.16,219.18,213.49,211.43,205.72,204.02,197.72,193.06,186.78,180.31,176.67,173.36,167.36,159.13,148.86,139.09,128.89,108.37,96.57,87.66,78.41,70.58,60.83,55.03
140.07,151.53,155.79,160.64,167.05,173.01,174.52,178.32,178.13,181.60,183.21,186.94,192.51,191.53,193.30,193.77,197.25,199.28,201.68,202.60,211.12,211.55,223.06,226.55,229.98,234.97,239.70,236.54,233.79,231.19,228.27,222.79,218.33,214.18,208.24,203.21,196.06,191.47,186.45,182.28,175.11,166.43,163.32,156.82,151.65,139.79,133.65,123.49,115.11,108.23,96.61,84.93
60.83,71.45,91.01,104.56,117.62,134.00,148.93,169.92,175.92,181.03,189.40,190.28,195.53,201.07,204.08,202.07,204.13,206.30,210.64,207.17,199.85,197.67,193.04,188.62,177.65,170.14,155.21,149.65,143.78,136.00,126.04,118.09,110.28,109.77,109.88,105.80,106.07,104.05,109.18,106.40,107.45,108.24,107.71,108.07,108.16,108.71,108.63,106.23,101.65,97.91,94.30,87.56
41.98,63.95,86.70,111.76,127.82,143.85,161.76,182.24,191.13,195.06,198.65,202.07,201.70,204.16,205.70,207.45,202.57,206.65,203.79,199.32,184.46,182.17,171.97,160.53,145.43,131.03,99.72,92.89,85.70,72.28,70.41,70.60,82.28,84.85,91.01,102.77,104.00,109.99,119.01,121.02,129.08,126.59,130.60,129.99,127.68,129.50,129.77,124.40,121.30,116.61,110.68,101.98
84.29,92.35,112.20,128.22,147.41,157.16,175.51,179.21,186.04,195.53,202.30,201.16,205.97,208.60,208.72,214.41,213.04,216.95,217.70,212.22,210.10,202.04,190.07,185.07,167.37,135.77,127.31,78.77,42.95,28.79,22.02,42.64,87.64,96.63,111.16,117.72,125.92,133.09,136.50,139.74,144.93,146.15,145.12,142.13,142.66,142.87,139.52,134.18,130.00,123.82,119.02,109.73
133.00,142.17,146.28,153.11,157.88,166.87,167.84,172.03,172.24,174.64,176.08,174.94,174.39,170.18,168.83,166.21,161.55,155.82,157.54,158.23,157.41,156.17,155.17,151.25,149.97,174.77,246.79,254.61,246.11,235.85,218.05,208.06,183.36,178.06,167.36,164.01,155.91,148.00,144.46,133.96,132.06,125.64,120.34,113.36,109.11,97.05,86.35,80.96,77.16,67.68,56.04,49.01
144.31,155.67,159.38,167.45,173.22,183.22,182.63,189.31,188.09,188.79,192.13,191.46,195.93,196.77,196.60,196.90,199.29,208.06,207.99,214.28,227.41,234.14,246.47,248.87,255.71,261.20,261.52,254.58,254.17,247.27,243.26,234.01,223.58,218.44,206.81,200.45,192.42,187.11,178.57,169.01,163.17,153.84,147.87,142.41,133.00,120.54,109.79,101.65,92.78,82.37,73.60,63.15
131.05,143.27,149.12,158.24,162.79,169.05,170.56,174.59,175.07,176.41,178.40,178.57,183.08,182.73,184.09,187.30,190.70,198.16,202.83,207.18,218.83,228.12,233.33,237.84,239.43,241.50,244.00,237.76,237.03,232.55,227.04,221.17,212.04,208.71,201.65,192.59,185.65,180.71,175.14,169.50,162.41,154.03,149.05,139.18,132.38,118.41,107.56,97.67,86.41,76.06,64.85,58.80
108.78,117.52,125.22,122.49,125.87,124.06,123.66,122.97,126.51,135.93,144.01,151.20,157.50,161.07,164.47,168.91,177.81,187.67,191.08,195.69,205.88,213.86,219.76,225.14,232.50,239.38,237.66,233.55,233.09,227.50,222.93,214.11,205.46,202.18,195.49,190.00,182.17,174.06,170.45,162.11,155.23,147.57,144.63,136.85,133.54,121.26,112.01,105.39,96.25,89.50,79.31,67.27
89.63,102.63,105.32,111.16,121.04,121.83,137.21,145.25,160.86,165.05,162.86,171.82,160.88,164.79,159.70,172.01,162.98,163.29,153.87,155.93,142.86,143.00,142.56,141.32,131.47,126.85,129.40,115.88,118.19,116.69,113.72,115.39,120.07,119.24,123.00,124.02,124.02,126.21,127.68,128.32,128.41,127.61,125.00,124.23,122.69,121.31,118.68,114.07,110.37,105.55,101.39,91.14
87.37,99.20,110.39,124.90,140.91,157.19,176.12,189.79,191.38,202.04,207.71,219.32,216.07,207.91,197.72,199.48,193.29,197.09,191.91,176.50,171.14,170.43,165.59,165.08,166.21,161.01,152.08,141.51,142.80,143.27,144.59,136.75,141.23,146.03,144.64,145.12,143.56,143.21,144.84,144.68,144.18,142.66,140.58,138.84,136.95,133.00,129.56,123.11,120.83,115.45,111.29,100.24
62.59,74.32,93.60,108.85,112.89,131.24,144.55,161.48,164.92,170.29,175.73,175.97,178.97,183.00,187.68,192.84,197.41,198.70,191.76,173.25,154.24,160.56,155.98,157.38,152.19,152.20,142.39,136.06,138.71,141.60,142.64,140.29,146.65,148.95,148.93,147.00,153.95,153.84,155.71,150.86,153.39,154.50,150.56,151.48,152.19,149.40,146.73,142.14,138.13,133.81,127.19,120.83
139.64,152.49,165.56,174.39,177.63,184.84,190.00,196.01,198.09,200.00,204.80,210.86,212.01,217.41,221.17,224.27,231.23,235.80,246.45,252.36,261.68,267.66,272.08,274.34,277.18,279.69,277.35,272.25,266.83,261.94,255.89,244.40,235.33,229.11,218.50,211.95,203.94,194.92,187.17,179.45,172.93,162.43,155.79,144.80,139.20,116.73,106.68,98.62,86.37,78.29,66.37,56.65
125.30,140.86,156.67,163.42,171.17,185.74,194.15,201.70,203.38,201.56,202.78,206.60,202.25,200.17,198.06,201.10,201.90,200.52,197.74,194.09,193.02,192.21,189.64,191.02,186.17,180.24,172.00,168.27,163.48,154.03,155.05,149.22,145.25,140.36,140.80,136.47,138.29,134.63,133.28,134.73,132.09,134.77,129.25,127.66,124.62,124.56,121.17,115.43,111.88,107.70,100.60,90.14
134.73,153.06,164.98,178.04,191.32,204.20,214.31,227.48,231.14,235.13,241.59,246.86,247.82,249.61,252.05,253.03,253.27,254.23,255.28,251.45,246.59,247.16,244.59,243.07,239.21,236.18,222.99,216.60,212.25,201.85,198.01,188.30,182.04,179.11,176.73,173.77,172.90,169.99,165.46,163.20,159.10,157.80,151.95,146.66,145.21,140.09,135.42,128.35,122.38,113.85,106.48,97.08
118.23,132.88,144.22,157.38,167.53,179.92,189.45,200.94,205.98,212.06,217.60,224.59,226.81,226.40,230.49,232.13,237.01,240.61,243.74,241.63,240.16,241.37,239.05,237.12,235.79,233.65,226.77,213.48,207.12,201.07,197.40,187.77,180.56,182.78,178.27,174.03,171.23,166.86,164.40,165.01,162.61,155.08,154.26,151.46,148.33,140.36,136.21,127.77,122.59,116.28,106.40,97.42
85.91,92.48,95.43,102.86,110.89,115.80,122.15,130.11,133.28,141.69,147.80,155.80,163.45,164.91,171.21,172.53,181.71,186.34,191.21,205.27,212.81,220.33,233.12,238.81,244.59,252.96,260.50,254.59,250.89,245.20,236.30,224.44,207.69,200.87,187.43,178.83,167.16,160.29,154.30,145.50,140.60,138.00,129.47,122.58,116.21,106.44,96.67,90.21,81.74,75.33,67.08,58.90
84.22,88.51,89.81,97.51,103.60,106.85,112.81,119.88,120.93,128.44,134.18,142.72,147.00,149.59,157.69,156.95,166.74,172.86,176.82,192.13,203.00,209.90,225.16,234.08,239.85,247.68,258.54,254.28,250.22,247.62,241.29,231.28,215.14,208.15,196.01,187.24,175.82,165.95,162.29,152.49,148.27,143.18,133.82,128.00,122.29,108.24,97.19,90.96,82.15,76.06,66.10,56.44
128.39,135.83,151.35,161.90,165.80,177.13,182.07,186.47,192.85,194.10,196.89,196.99,197.57,198.34,196.31,200.90,200.34,202.62,201.06,201.55,199.25,197.77,194.50,193.51,196.33,190.72,175.82,172.26,167.36,163.17,158.15,152.33,150.08,147.67,143.63,143.60,141.32,141.38,141.60,139.81,139.47,138.92,137.93,134.72,134.16,134.20,128.16,124.74,120.07,113.90,108.85,97.42
119.22,130.23,138.92,157.50,154.98,178.73,193.15,203.55,204.00,210.06,209.68,221.36,225.18,225.47,224.11,229.92,227.69,234.77,232.31,229.99,227.04,227.54,224.27,224.64,220.47,215.23,209.72,199.61,195.79,187.04,183.44,171.03,166.90,164.15,164.92,160.96,159.00,155.96,155.32,155.86,152.97,149.59,146.81,142.04,140.66,133.14,132.19,126.76,120.62,114.00,107.69,96.26
124.65,142.23,156.92,170.47,185.35,197.71,208.37,221.98,227.71,235.03,239.08,247.55,251.18,251.35,254.91,254.89,261.82,265.76,270.19,267.98,262.77,268.34,268.13,265.60,263.28,259.47,251.32,241.07,234.27,226.77,218.69,209.80,200.08,200.74,194.73,191.69,186.30,183.44,178.24,176.48,176.24,171.54,167.26,163.84,160.11,153.44,148.03,142.56,137.12,130.82,120.33,110.46
40.31,45.65,41.87,45.22,53.04,56.92,53.81,58.46,57.56,62.13,65.80,71.06,73.35,75.47,79.08,79.08,82.00,86.21,92.78,97.02,102.53,105.69,119.21,120.83,127.03,138.71,147.19,154.64,159.30,160.78,160.55,156.46,152.20,149.04,142.37,136.82,132.23,125.25,121.61,118.60,114.16,110.35,103.35,100.50,94.02,86.13,79.03,72.57,67.78,61.61,57.01,49.34
124.40,140.43,151.27,167.50,180.69,193.67,204.60,212.72,221.05,225.18,230.60,231.02,236.18,237.50,235.42,239.03,239.43,243.87,240.69,239.45,229.17,229.19,220.64,217.88,208.97,196.98,179.32,164.01,155.08,146.18,142.08,136.88,140.19,146.24,157.69,159.48,165.87,166.01,174.65,177.28,180.47,179.52,179.07,180.94,181.69,184.69,183.39,177.49,171.77,163.93,155.13,143.56
120.74,135.09,140.43,149.05,155.33,162.63,167.87,176.05,178.51,183.92,187.26,194.09,199.86,200.60,201.82,208.22,217.39,222.03,229.87,229.32,241.28,244.74,255.15,254.23,259.37,266.25,263.50,260.69,256.30,254.96,245.86,237.35,227.13,218.11,204.98,195.53,182.26,170.79,156.20,147.80,135.36,119.85,110.32,98.68,93.09,74.03,64.64,56.52,53.15,47.41,35.00,30.36
100.09,111.00,118.60,125.18,131.93,142.41,147.80,157.81,160.38,168.40,166.01,173.92,172.70,181.89,185.42,188.16,193.89,195.50,198.08,201.56,201.72,203.03,203.48,203.59,202.14,202.07,196.16,187.18,185.69,180.31,174.40,170.55,167.49,167.01,165.25,163.98,161.94,158.69,156.60,161.05,160.44,158.09,156.60,155.36,151.74,148.86,144.22,138.41,133.52,125.57,116.18,106.96
73.93,82.62,90.76,94.43,100.65,107.56,116.11,124.10,128.75,133.14,131.80,138.64,139.45,147.01,153.76,156.00,158.00,162.11,167.07,167.93,169.01,173.25,172.05,174.45,172.19,172.59,167.72,166.09,162.79,158.37,156.26,154.43,152.16,152.27,153.57,151.24,154.74,154.03,152.09,153.83,154.38,154.35,151.33,149.72,147.27,146.12,139.03,134.41,130.29,123.85,114.63,104.55
106.38,122.33,132.10,143.93,154.24,167.84,175.64,185.42,188.22,188.56,194.58,196.54,197.23,201.63,199.46,202.79,202.31,203.54,207.71,205.06,204.79,205.36,204.82,205.24,203.58,200.00,197.69,188.79,186.68,180.42,182.16,176.31,175.60,178.62,179.51,175.65,177.92,177.39,177.14,176.65,177.37,176.98,172.80,169.39,169.67,170.29,166.90,162.74,153.71,148.48,140.87,129.00
121.02,132.10,132.38,140.19,144.27,147.41,150.16,152.61,151.40,150.08,154.30,153.59,153.05,154.54,153.95,150.01,153.94,148.95,145.34,145.13,143.09,142.28,140.73,136.30,134.73,138.06,129.47,126.48,122.58,109.25,99.64,93.23,78.41,71.70,63.57,58.67,53.76,49.20,46.62,42.95,40.00,36.12,35.11,32.25,30.48,27.73,25.50,25.08,23.09,24.21,20.52,17.46
149.26,163.60,166.01,175.21,180.01,186.13,187.84,188.17,184.17,185.71,187.86,189.10,191.26,190.42,190.06,191.44,195.25,197.39,194.73,194.47,199.02,202.11,204.02,209.24,207.07,211.62,208.06,200.48,196.02,188.80,181.21,171.83,144.36,132.00,111.20,96.14,81.86,63.13,52.35,38.83,31.30,26.93,25.71,28.16,27.17,33.84,34.89,33.84,31.89,31.40,31.02,27.46
62.51,65.15,63.66,65.00,65.01,70.23,67.21,66.27,67.07,70.80,81.84,89.49,98.13,114.28,123.89,132.61,149.40,151.27,166.21,165.20,173.65,173.22,176.66,176.18,172.73,171.33,160.08,159.11,150.30,152.31,145.66,141.04,140.73,142.47,145.24,149.40,150.42,159.91,163.95,167.82,170.86,175.28,171.84,166.36,163.69,155.21,147.17,137.90,131.10,124.04,114.54,103.97
112.81,129.00,139.14,153.69,162.19,174.48,185.70,198.44,204.55,211.48,219.17,222.44,226.98,230.02,233.62,239.21,241.00,245.33,248.40,246.02,248.48,247.59,242.54,243.65,242.00,236.66,226.87,216.17,211.60,204.28,199.62,194.36,186.97,186.25,185.97,179.05,181.73,182.07,178.57,179.78,179.00,178.49,177.01,172.33,170.45,165.89,161.01,154.78,149.01,141.16,130.08,120.35
57.25,67.96,82.30,101.08,116.28,136.62,155.62,181.24,198.04,207.10,213.96,217.82,221.46,220.66,224.56,227.47,228.33,229.00,228.02,224.61,219.22,216.70,212.49,206.16,197.96,196.96,179.39,170.19,165.10,156.55,151.79,142.71,146.10,149.72,152.86,152.59,155.03,157.17,160.98,164.35,164.02,165.30,163.98,160.59,161.62,159.62,158.93,151.65,145.45,137.32,128.41,114.14
78.03,93.52,106.07,119.97,134.00,146.11,158.22,176.79,181.62,190.47,200.83,207.62,212.46,216.95,223.09,230.67,235.57,242.54,248.32,245.64,237.61,238.14,227.72,212.98,181.65,161.12,156.18,143.96,140.46,130.97,134.20,136.42,148.48,151.00,160.51,166.38,170.49,175.97,180.41,182.44,183.04,186.78,184.39,185.31,184.17,186.55,183.10,179.60,172.59,165.59,160.33,145.28
130.46,144.56,148.55,158.50,164.05,170.19,173.00,177.10,179.89,179.41,179.07,182.26,185.97,183.36,183.70,183.63,190.39,191.05,195.14,195.62,202.71,203.75,216.08,219.02,217.79,228.81,238.80,238.73,238.47,232.65,230.05,220.20,203.96,196.60,184.89,169.45,157.00,147.14,138.24,130.36,124.33,120.10,118.12,116.69,116.43,107.84,107.81,104.85,99.20,94.13,86.93,79.91
124.26,136.49,142.84,150.63,156.12,164.28,168.29,170.75,170.26,172.79,174.40,176.16,180.02,181.65,181.82,182.41,187.52,190.13,192.17,194.49,204.94,209.76,221.05,225.14,231.82,232.77,233.32,231.25,226.68,221.54,219.26,207.09,200.36,191.94,184.45,178.47,167.37,159.15,156.18,149.12,144.92,135.88,132.06,128.69,126.92,119.87,114.40,110.00,104.06,99.01,88.60,82.22
114.04,130.10,140.12,153.06,162.89,173.63,180.23,194.54,200.06,205.35,215.80,216.82,222.00,222.74,224.61,228.97,230.50,234.08,235.01,233.94,231.70,233.38,232.83,224.13,220.29,218.11,202.30,188.81,182.21,171.77,163.60,151.22,136.62,131.03,122.89,113.60,106.12,99.96,90.60,80.00,70.94,63.29,51.35,39.12,34.01,38.33,46.57,53.34,59.68,65.00,68.77,66.21
29.21,28.86,43.19,58.73,70.86,94.03,121.30,156.28,170.45,186.69,189.40,205.73,210.92,215.00,218.34,225.82,229.80,237.12,238.84,241.48,242.40,243.99,249.47,245.84,244.13,243.30,236.91,220.77,216.63,209.62,199.85,192.20,180.71,172.35,157.41,139.49,103.41,48.01,55.36,69.35,78.77,86.01,96.80,105.31,110.42,157.00,149.05,130.87,119.10,108.78,96.26,87.02
78.23,94.87,108.24,127.76,145.34,164.20,180.89,197.12,205.45,211.29,218.25,225.72,230.10,232.65,233.63,239.44,241.40,246.05,246.83,247.63,251.81,253.03,254.65,252.04,250.15,250.00,246.99,238.03,233.28,224.57,220.41,214.68,210.38,208.66,203.01,200.59,201.93,201.53,198.13,194.18,192.21,187.04,184.70,179.14,173.42,166.05,159.82,150.81,141.06,136.18,124.35,113.23
31.38,35.13,38.90,47.07,57.25,67.88,75.69,94.89,106.10,109.12,118.71,119.36,121.67,127.44,128.06,135.99,139.64,141.01,142.56,137.64,131.65,131.53,129.62,126.32,117.71,114.16,103.37,94.34,82.46,83.22,80.05,79.62,89.01,98.05,112.73,125.67,142.79,154.35,160.96,171.96,174.04,174.77,176.40,178.32,177.77,177.99,176.26,168.00,161.38,154.87,146.93,136.03
37.58,48.02,58.01,68.43,79.65,91.48,99.14,118.44,129.36,134.73,140.81,147.58,150.15,154.03,156.00,162.78,165.68,170.50,170.00,168.40,160.59,158.82,156.85,155.82,148.35,146.49,131.73,122.02,110.94,111.02,109.04,106.40,115.84,118.61,124.92,134.42,142.62,145.15,148.06,154.05,151.48,148.48,149.04,147.60,144.78,143.67,139.20,134.10,127.32,123.07,115.43,108.78
139.06,155.44,162.64,173.14,181.28,189.17,193.40,200.14,201.09,208.46,208.66,209.72,214.46,217.00,216.21,218.68,218.91,224.56,227.90,228.88,236.38,240.01,244.25,249.48,251.10,255.20,257.00,251.05,248.43,242.57,237.69,229.00,218.00,215.41,207.45,197.77,185.95,172.54,168.00,150.75,136.82,117.61,98.62,80.50,76.66,58.69,55.47,52.43,44.38,37.64,42.54,34.21
68.10,76.06,81.30,88.20,93.48,99.02,105.68,115.41,118.85,126.37,133.72,138.23,145.50,149.63,156.16,160.64,165.22,173.54,180.35,178.94,181.14,185.63,184.45,184.78,181.04,179.07,168.22,148.68,143.03,133.52,128.76,119.82,105.12,99.49,95.27,89.05,87.05,82.57,82.86,82.62,86.56,88.57,96.51,102.83,111.83,137.28,139.28,133.06,127.88,119.85,107.42,99.25
64.13,70.18,77.13,79.70,87.46,91.78,98.67,104.36,109.90,118.73,125.36,133.99,141.16,147.00,153.12,162.27,166.74,173.67,182.98,188.48,187.26,194.81,196.64,199.61,202.24,199.49,194.86,188.30,181.87,180.85,174.18,170.47,166.35,166.09,163.37,169.25,168.24,165.46,169.96,172.19,171.83,171.83,166.51,162.93,165.25,164.02,160.33,151.86,145.58,142.95,136.12,125.61
36.12,39.70,38.47,41.59,48.37,52.24,55.44,65.76,70.80,78.71,84.29,94.34,102.55,106.10,115.07,124.31,128.97,135.06,142.69,150.15,151.48,157.18,157.62,155.76,157.69,161.06,150.86,146.24,145.34,142.86,130.65,127.53,121.17,114.93,109.12,128.75,152.90,180.21,189.76,188.13,188.16,188.80,186.25,181.04,182.94,180.51,173.01,163.13,156.04,149.09,139.09,124.78
150.27,167.28,176.71,188.22,199.57,208.86,212.98,219.11,223.44,229.98,230.38,233.73,235.03,234.18,234.80,238.38,239.71,240.69,241.27,241.59,241.06,243.96,246.01,246.84,246.66,246.40,245.65,237.56,236.64,227.90,220.91,211.44,199.94,190.92,179.01,174.18,167.92,156.85,149.83,141.42,132.77,127.86,121.82,112.93,112.36,106.79,104.92,100.04,94.85,88.73,83.93,74.33
146.63,163.13,172.41,184.69,197.44,206.74,212.15,222.19,227.18,232.86,236.68,241.46,243.71,244.98,244.95,247.48,252.53,251.41,253.16,256.63,253.80,255.55,260.10,257.65,257.29,261.31,252.93,245.38,238.44,235.05,227.77,217.08,203.09,191.13,182.78,174.92,166.00,157.00,151.86,140.91,137.20,130.73,121.81,117.18,113.70,105.30,102.73,99.86,93.90,87.60,83.55,75.69
134.17,148.45,157.54,170.04,177.72,189.17,195.90,204.09,209.69,212.20,218.66,222.80,226.11,223.43,223.04,227.98,228.71,230.31,231.53,230.84,229.71,228.65,228.71,228.25,225.46,224.45,216.83,208.09,201.80,196.46,190.79,182.94,172.74,165.15,161.15,153.84,144.47,139.04,133.36,127.05,122.58,115.97,109.77,103.08,99.93,93.24,91.08,86.02,84.50,78.10,72.01,64.12
129.28,143.75,156.02,166.05,171.40,186.20,190.59,201.40,207.54,211.48,216.01,221.90,224.36,224.27,225.82,229.46,231.58,235.59,235.24,234.80,233.05,232.70,231.46,234.36,229.48,231.23,221.94,214.58,208.97,202.18,198.44,189.61,178.89,173.09,171.06,163.37,155.08,148.03,144.55,136.53,133.21,124.81,120.35,112.79,108.23,100.65,96.88,90.61,87.13,79.81,73.25,64.78
146.66,163.72,172.49,183.14,194.91,206.31,215.75,225.85,231.95,237.92,238.88,244.30,248.20,251.73,251.56,256.96,256.70,262.99,265.86,264.26,262.43,262.00,264.37,259.05,256.91,254.19,237.98,229.98,224.52,201.10,187.24,161.61,125.21,106.07,102.42,84.17,77.32,74.81,68.62,63.51,60.31,54.56,50.45,47.27,40.80,41.11,36.89,36.25,34.13,34.93,33.62,30.61
125.60,139.95,147.96,158.81,168.22,177.42,185.22,192.10,195.17,199.68,205.08,207.23,208.94,210.95,209.55,212.29,216.00,215.80,217.00,220.63,218.68,223.40,226.27,225.42,226.56,225.58,216.95,206.55,200.26,190.14,176.57,166.23,147.80,137.09,133.87,124.82,120.07,114.54,111.83,105.89,101.02,98.05,93.96,92.20,91.02,87.09,86.41,81.34,79.71,74.17,71.12,64.20
135.48,152.19,159.11,172.20,183.08,195.78,198.71,207.89,210.66,215.39,219.97,222.77,226.27,227.71,225.94,229.96,230.83,236.29,234.83,240.08,238.52,243.50,248.20,246.94,249.07,250.57,242.69,232.22,227.88,216.38,206.90,195.49,182.19,169.96,167.39,160.70,155.32,151.03,146.75,141.48,138.41,135.67,128.04,125.87,125.43,122.12,118.51,114.49,108.58,103.41,99.72,89.69
120.81,131.86,135.69,156.08,161.60,171.00,174.55,186.39,189.01,196.37,200.03,203.04,209.72,211.87,212.29,214.77,216.02,225.89,229.14,230.63,237.00,242.22,245.12,244.63,245.46,244.83,237.12,223.52,219.80,210.38,200.12,196.02,186.08,180.57,174.47,170.59,165.58,159.53,157.41,153.06,149.70,143.12,137.54,135.51,131.03,129.08,121.17,115.49,110.03,105.76,96.83,88.20
120.22,131.89,144.22,156.08,164.16,173.31,178.01,187.75,196.79,200.14,206.31,210.28,214.46,216.93,218.84,223.46,224.51,230.33,233.08,234.04,237.45,240.65,237.69,236.33,233.03,228.55,210.04,204.02,193.13,187.64,185.81,183.86,169.53,156.95,151.56,147.96,144.59,141.74,139.60,131.95,130.50,126.00,120.30,117.18,113.17,108.42,106.47,102.16,94.85,91.68,86.15,80.96
130.14,143.53,154.98,166.87,176.30,185.91,193.35,200.81,203.81,208.59,214.17,216.01,220.33,220.72,219.21,226.60,228.71,230.24,237.21,232.50,233.14,236.07,239.21,237.08,236.24,238.32,230.96,222.73,217.30,210.02,201.70,195.00,186.39,180.77,173.18,166.93,157.95,150.22,146.17,142.97,136.85,130.91,128.28,122.53,118.15,111.83,108.56,103.16,99.98,94.02,85.00,78.10
124.54,137.48,148.69,160.91,168.47,180.68,186.30,194.79,199.25,204.62,210.54,212.41,215.06,215.15,217.60,220.91,219.20,223.13,222.39,224.16,223.08,223.83,222.20,224.01,219.86,220.27,213.59,202.63,199.18,187.04,181.18,171.83,156.44,150.00,144.10,137.71,130.91,123.66,117.63,116.07,112.27,107.34,103.71,101.24,98.25,95.96,92.80,90.76,88.28,84.53,77.23,73.38
145.50,164.07,174.04,189.17,200.66,214.95,220.66,229.24,234.47,240.19,241.35,245.64,246.13,249.90,248.50,251.87,251.85,251.54,252.44,256.76,252.00,253.43,252.96,253.80,254.01,253.00,245.08,236.35,232.77,225.40,219.18,208.78,195.56,182.70,172.05,166.21,159.00,151.34,146.87,138.71,135.77,131.31,126.10,125.87,123.91,119.10,119.51,114.11,107.21,104.69,96.83,90.87
132.55,148.19,157.93,168.67,181.14,191.04,199.25,209.47,214.00,216.92,221.33,224.15,226.02,230.11,227.23,229.42,230.70,233.81,232.61,233.94,230.44,230.55,232.26,230.18,229.17,227.59,214.16,207.93,201.01,194.49,184.33,175.23,163.88,155.00,153.63,149.20,145.23,141.09,135.77,135.07,129.77,127.10,122.78,120.28,119.62,117.69,117.03,111.09,105.76,101.41,97.14,87.82
114.20,129.29,137.30,149.50,160.90,173.17,177.37,189.59,194.24,200.72,206.16,210.24,213.04,214.45,217.06,220.49,219.97,228.21,228.95,231.00,230.20,233.32,235.16,233.48,234.96,234.80,225.38,217.28,212.60,206.61,200.42,191.98,184.27,177.63,176.82,172.20,168.36,163.71,162.12,156.98,154.18,152.51,146.99,144.81,142.04,138.83,137.44,131.53,123.69,118.30,113.14,104.31
105.68,108.23,107.56,104.69,96.25,91.05,81.32,60.96,52.33,42.95,30.00,25.02,20.62,17.49,28.65,33.11,41.98,55.04,64.29,75.58,89.40,103.25,116.52,126.15,143.18,156.28,179.52,187.75,202.81,208.20,214.11,216.28,225.20,231.35,231.64,236.61,232.54,236.60,239.83,239.20,238.58,230.01,228.22,224.70,219.08,211.30,202.71,190.16,179.98,167.60,150.73,135.01
106.33,120.43,131.22,142.14,151.61,161.93,167.84,178.47,186.80,190.51,198.81,201.99,207.71,208.39,208.69,212.95,214.58,220.05,221.95,222.83,223.99,227.88,227.00,225.38,226.28,228.04,221.47,213.60,212.08,207.80,202.37,198.71,192.30,187.38,184.84,180.05,175.03,170.70,169.29,163.93,161.60,156.16,154.28,148.35,145.84,141.03,138.65,132.08,126.40,122.12,112.75,105.59
121.59,134.83,145.77,157.54,167.59,177.34,184.07,197.44,202.83,210.19,213.53,220.00,225.44,227.06,228.41,233.35,238.32,240.07,244.62,246.90,248.03,251.60,252.30,252.77,251.54,251.10,235.85,221.62,216.21,208.87,201.44,195.24,185.00,178.31,171.86,166.86,159.25,154.00,151.21,150.08,145.99,137.67,137.59,134.01,131.32,125.67,122.15,116.91,115.74,109.86,102.88,94.05
123.07,134.18,148.22,160.10,169.65,179.49,185.40,197.43,201.38,210.54,214.95,220.48,227.07,229.62,229.92,238.35,239.12,246.17,247.34,254.23,254.70,262.99,264.85,268.49,270.15,270.63,267.40,259.27,252.48,242.43,234.44,221.37,207.79,196.62,189.87,181.02,174.29,165.42,163.48,157.69,153.81,145.06,143.22,138.88,136.07,130.38,127.14,121.59,116.36,113.81,105.55,99.33
113.23,126.66,135.03,145.91,153.91,165.53,174.95,183.92,192.82,200.56,207.02,209.47,214.28,215.03,214.67,219.92,226.85,232.17,236.58,242.54,241.85,248.20,255.38,259.05,261.85,267.05,267.35,260.54,258.28,255.38,249.72,239.93,227.85,216.45,207.97,194.59,188.67,180.83,172.79,167.04,161.38,154.40,150.96,149.16,145.79,140.80,137.23,131.03,128.22,123.08,112.38,103.81
93.94,106.02,110.94,122.41,134.16,143.34,146.49,160.61,164.12,171.49,174.87,180.40,188.16,191.44,192.42,195.73,200.58,206.37,208.09,210.77,216.91,218.69,224.88,225.06,229.17,230.95,225.72,218.20,218.05,212.06,206.78,198.30,186.94,180.18,173.63,167.60,160.82,154.01,149.47,145.10,141.15,135.06,133.02,130.14,127.22,123.48,119.85,115.43,109.04,102.34,95.88,87.14
104.89,118.11,124.26,135.69,144.84,154.35,160.03,174.45,177.12,183.64,188.15,195.21,199.62,204.08,204.38,212.21,218.63,222.44,225.96,227.41,232.13,237.43,245.07,242.66,248.09,251.24,249.93,240.24,239.15,233.81,226.40,216.13,205.00,197.77,190.06,183.00,174.87,166.97,160.86,158.27,153.22,145.65,144.20,140.94,138.81,133.69,130.00,122.81,117.89,112.36,102.59,95.86
90.20,101.64,107.33,114.69,125.10,133.90,139.44,157.28,166.09,174.32,183.22,191.51,196.98,204.04,205.36,210.58,215.41,218.63,221.60,224.06,226.28,229.43,233.85,236.09,234.69,237.26,231.66,222.95,218.92,212.94,207.85,195.90,188.09,182.83,173.37,167.86,162.89,157.85,152.53,149.31,144.69,140.89,135.36,133.22,132.64,127.02,122.67,117.00,114.13,107.69,99.85,91.39
77.16,89.94,95.96,101.87,113.00,121.56,129.47,144.13,152.88,163.22,170.31,181.02,189.42,193.91,197.21,203.50,209.75,214.29,219.00,217.64,222.95,226.92,231.40,235.37,233.68,237.02,235.47,225.06,222.95,218.05,210.49,200.57,193.05,188.22,184.33,175.26,171.35,164.44,158.83,158.01,154.51,148.55,144.46,139.81,137.64,132.08,126.75,119.44,117.41,111.14,104.48,94.70
49.04,56.36,60.07,65.55,63.89,65.46,65.03,69.30,78.55,88.14,97.95,111.21,132.19,158.15,175.87,192.63,204.94,211.86,220.53,222.32,231.01,234.70,240.35,242.00,243.15,248.11,247.24,238.50,235.69,231.81,225.58,216.00,208.41,199.12,196.49,186.82,181.42,178.06,171.47,167.84,163.49,154.05,149.31,147.05,142.43,136.03,129.34,122.59,118.60,111.02,102.42,92.35
58.14,63.16,63.78,68.31,72.34,71.11,73.76,78.01,86.82,96.90,104.68,117.43,137.35,164.81,180.45,197.72,206.79,214.46,222.95,227.00,235.19,240.78,243.98,248.09,248.57,253.03,251.16,245.16,243.28,236.64,229.87,219.92,210.84,203.96,198.12,193.49,186.47,182.46,176.18,170.99,166.18,160.46,156.08,150.88,145.91,139.29,133.79,127.35,123.17,113.22,105.59,96.26
55.15,62.03,65.55,73.59,76.92,82.73,89.44,103.97,114.74,128.79,151.33,174.57,190.42,202.00,211.51,219.74,228.28,236.58,242.17,241.15,248.00,253.48,256.40,260.95,261.77,267.81,267.85,258.55,260.69,253.03,247.08,239.29,229.73,230.29,221.71,217.52,211.07,205.77,203.04,201.34,195.76,188.22,183.11,178.81,173.60,163.11,156.89,149.03,139.27,132.70,120.81,108.30
54.23,61.72,62.37,69.63,77.42,82.15,85.99,102.08,114.81,128.44,152.40,173.22,189.50,206.25,214.76,226.11,231.68,239.38,244.26,248.65,253.97,260.31,262.35,266.17,267.88,271.74,273.00,265.80,266.96,257.26,254.38,246.94,237.19,234.54,226.18,223.65,220.00,214.11,210.28,205.08,201.70,196.02,187.77,183.10,177.45,170.00,161.79,153.73,146.22,135.52,126.00,113.60
50.57,57.14,60.03,69.63,76.69,84.17,90.14,106.23,116.84,133.72,152.07,171.62,191.21,207.18,219.61,234.09,238.42,248.07,255.00,260.28,265.19,271.63,275.77,276.70,280.79,283.04,285.04,277.65,277.46,267.37,264.43,256.69,250.19,246.34,238.21,233.81,229.75,224.06,220.41,214.62,210.00,202.83,197.72,189.65,186.36,175.03,166.94,159.81,151.16,143.01,128.81,119.47
49.40,57.01,59.46,67.36,73.36,80.89,89.44,106.78,115.88,128.46,143.01,157.58,171.70,180.62,191.85,205.06,212.82,223.27,230.51,237.15,241.85,247.76,253.40,252.96,259.03,262.09,263.76,256.45,255.39,251.05,244.18,238.38,231.35,228.74,222.18,217.57,213.43,208.49,204.27,202.99,198.08,188.53,185.28,181.14,178.06,164.18,159.18,149.47,140.36,132.44,119.81,108.23
46.24,52.33,55.54,64.12,66.76,73.01,83.01,100.00,109.64,123.17,133.87,149.56,162.24,172.46,181.57,196.02,202.56,212.95,221.33,226.43,233.32,238.85,243.50,244.46,250.45,254.81,257.86,250.16,247.63,245.18,236.62,232.16,227.04,225.40,217.95,211.12,207.13,206.24,202.74,201.01,197.80,186.94,183.27,179.27,176.12,163.27,157.08,147.05,139.63,131.23,118.26,106.89
50.91,57.38,60.03,67.42,72.47,82.93,89.27,108.85,119.40,133.41,144.31,158.38,171.27,179.98,186.72,195.47,198.86,206.07,212.62,216.63,225.21,228.43,233.63,234.08,239.01,240.30,239.68,236.78,234.01,230.42,226.15,221.33,214.22,211.57,207.10,201.25,198.84,192.35,191.85,186.08,182.89,178.63,171.62,166.51,163.11,153.18,145.34,136.56,128.55,119.04,111.33,98.35
150.99,164.47,171.05,177.42,180.01,188.09,188.37,188.32,188.22,186.78,187.49,190.96,189.64,192.75,193.13,199.01,203.81,211.90,213.15,218.05,228.88,233.23,237.78,242.84,246.89,253.14,254.38,247.49,246.55,244.32,241.30,232.13,226.01,224.44,218.58,212.55,207.00,199.61,194.43,193.98,191.64,182.18,177.29,169.50,166.03,153.00,144.22,136.12,125.40,116.11,103.85,91.68
149.80,161.01,170.07,178.54,180.47,187.60,188.96,190.52,192.51,190.91,191.18,197.50,197.31,200.00,200.56,207.15,209.46,218.01,220.59,224.74,235.44,242.55,246.94,252.05,255.15,261.09,264.02,256.01,257.60,251.92,249.58,240.67,234.55,233.82,224.86,219.72,214.71,204.97,201.64,198.91,198.49,187.39,185.60,175.64,171.43,157.54,148.22,141.51,131.49,120.62,107.84,93.21
149.04,162.31,170.66,179.61,182.73,190.52,193.76,197.69,201.36,203.77,202.48,209.99,212.40,217.71,217.35,226.26,230.78,237.19,243.53,248.09,259.11,265.22,271.07,278.12,278.43,286.04,288.76,279.95,279.26,273.54,268.20,260.43,252.35,249.26,244.01,235.84,229.80,221.35,216.23,214.87,210.24,195.41,195.89,186.82,181.18,165.65,155.90,146.75,136.09,125.00,111.87,99.73
134.83,146.54,155.82,164.79,170.18,177.02,181.18,189.26,193.83,197.21,200.81,206.09,209.68,215.64,218.22,225.89,231.42,236.96,243.71,247.01,256.98,261.77,267.99,271.31,273.20,279.16,279.29,273.43,269.80,261.01,257.50,249.09,241.98,236.58,229.17,222.17,218.10,211.52,208.31,202.07,199.04,190.06,184.40,174.81,172.66,158.75,151.21,142.84,132.44,120.81,110.94,97.84
135.18,148.56,154.30,164.47,173.08,179.03,185.63,192.09,197.02,201.64,205.98,210.77,215.93,221.42,223.75,232.22,238.52,246.66,251.64,254.70,265.01,270.14,275.29,279.95,282.93,285.07,285.28,280.40,276.99,268.15,265.00,255.52,248.85,242.62,234.79,227.18,224.34,220.20,214.90,208.09,204.28,198.00,190.60,183.87,179.10,166.41,158.22,150.84,138.03,127.22,118.19,104.66
133.02,147.12,154.87,162.73,170.47,179.08,184.33,193.87,198.31,203.49,206.32,214.67,219.78,224.66,227.90,236.60,246.45,251.03,259.35,262.46,273.59,279.87,285.85,289.71,294.05,297.85,296.79,290.51,286.70,283.67,274.43,268.70,259.76,253.51,249.47,240.75,234.44,228.48,224.13,222.99,217.23,207.14,202.57,193.07,188.83,175.07,167.63,156.72,145.09,137.23,123.15,108.67
132.28,134.61,142.27,147.00,154.84,166.53,155.91,168.81,174.45,176.79,186.32,192.11,197.99,203.49,212.48,217.31,222.75,229.24,239.28,241.53,252.49,262.52,263.60,273.59,278.20,282.00,283.14,276.70,278.55,273.03,269.31,262.07,253.81,243.26,247.20,240.42,231.60,228.32,220.76,217.44,212.05,200.84,191.93,190.95,181.60,171.97,161.77,154.74,132.92,119.95,123.17,113.28
125.57,138.84,144.94,153.81,160.43,168.61,171.21,178.08,179.29,181.95,186.01,193.02,197.96,202.85,207.00,212.66,221.65,229.09,237.67,242.55,252.01,259.93,270.75,272.52,281.90,285.90,287.89,286.23,283.70,279.51,278.17,269.67,265.19,257.73,256.78,250.34,244.23,238.91,234.10,231.71,227.69,215.93,210.77,204.28,196.66,186.17,176.26,164.02,154.18,143.38,128.08,115.43
120.07,132.14,140.70,148.43,154.78,162.00,164.40,168.76,169.85,173.59,178.28,184.07,187.98,191.21,194.16,201.64,208.70,215.61,222.61,229.26,238.40,246.45,254.78,258.75,264.20,269.88,273.79,269.76,266.91,265.35,263.41,255.70,250.79,248.20,245.25,239.27,233.50,229.49,224.90,221.06,218.52,206.89,203.65,197.09,190.04,180.71,170.86,157.81,147.96,136.53,122.65,110.32
121.76,133.96,141.53,150.66,158.03,165.47,169.17,174.00,177.28,180.40,186.55,188.44,192.51,196.98,200.44,206.17,212.90,220.23,223.50,232.42,240.87,248.76,254.57,260.65,266.99,270.14,272.81,271.49,269.27,265.65,263.00,256.49,251.25,246.00,242.86,237.03,233.36,225.42,224.08,219.99,215.50,205.42,199.72,193.51,187.41,178.31,170.07,158.03,144.96,136.31,123.04,109.57
118.60,132.19,137.62,145.91,154.51,160.59,162.79,167.11,168.87,169.92,174.27,176.92,179.08,184.17,186.23,196.29,198.49,206.32,210.72,218.75,226.81,233.82,238.08,245.75,249.58,253.74,255.38,253.24,252.00,245.46,243.43,237.36,232.94,227.90,221.38,218.07,215.34,211.12,208.19,202.74,200.01,190.78,184.29,179.49,174.27,163.68,155.93,145.99,136.06,126.21,113.60,101.18
128.16,139.70,148.05,156.42,162.52,168.72,171.14,173.93,175.60,175.60,176.67,179.64,182.65,185.93,187.97,193.94,201.02,204.83,211.95,216.70,226.32,231.53,237.89,241.70,247.13,251.73,253.31,246.11,245.17,243.88,236.48,230.93,225.30,222.27,218.32,211.42,206.19,200.37,198.12,196.85,192.21,181.84,179.77,172.19,167.19,154.24,146.48,137.10,129.44,121.02,107.91,95.13
127.44,142.68,148.49,157.47,165.06,170.79,174.14,178.23,180.29,181.11,183.81,187.26,189.03,189.65,191.44,196.37,204.02,207.96,213.85,216.91,224.01,231.31,235.94,239.27,240.13,245.28,244.38,242.53,242.39,237.00,232.69,223.44,218.82,216.54,209.06,205.24,199.86,195.00,192.42,187.58,185.06,174.77,171.64,166.21,160.42,148.66,142.71,133.84,125.42,115.41,105.95,93.65
135.35,149.00,154.92,164.81,170.30,178.32,182.48,187.13,186.08,186.75,192.85,194.44,194.59,198.13,199.60,203.15,209.50,213.02,217.11,222.48,229.53,234.96,237.55,242.80,242.92,246.46,245.39,242.50,240.83,232.42,230.87,222.44,215.34,212.00,206.49,199.49,195.92,190.16,188.32,182.80,180.08,171.35,166.63,161.32,155.68,145.50,139.31,130.18,120.70,110.37,101.82,91.76
150.22,164.20,172.63,183.36,193.10,201.44,204.52,206.40,207.94,211.29,216.02,221.45,226.02,227.26,230.42,233.49,240.39,242.76,248.56,253.10,256.90,263.01,268.16,274.10,275.14,275.86,275.14,269.70,268.70,261.05,256.63,246.84,238.80,232.83,227.17,222.32,219.20,211.98,208.17,204.47,199.99,189.40,184.89,177.41,173.09,162.69,157.08,146.54,135.79,125.25,114.44,102.08
147.76,163.08,170.21,181.14,186.60,194.62,197.09,199.06,200.48,203.40,205.57,209.47,210.09,212.21,213.78,217.68,221.94,226.10,231.63,231.82,237.15,242.24,246.53,250.89,252.62,255.57,253.93,245.17,244.75,238.01,233.60,222.77,217.82,216.28,210.22,204.09,198.30,195.00,189.71,190.88,186.19,176.78,174.67,167.29,164.37,151.21,145.62,137.06,128.84,120.25,109.12,99.05
161.70,176.32,185.56,195.82,203.75,212.14,211.55,217.61,217.00,220.27,224.09,229.01,228.54,229.86,234.27,238.17,241.36,248.02,252.94,255.33,259.59,264.58,269.60,273.36,275.80,278.04,275.73,267.69,266.66,259.27,254.17,245.58,237.01,234.36,229.89,221.65,218.34,211.48,208.41,207.91,204.92,194.93,189.97,186.95,180.28,170.56,161.74,154.40,143.61,134.17,122.64,111.41
158.62,171.17,179.08,189.76,196.31,202.94,205.25,210.06,209.69,213.85,216.93,220.57,222.27,223.90,224.96,230.53,235.48,240.20,244.18,245.99,253.81,257.86,262.53,265.94,266.61,270.09,267.92,260.29,257.72,252.51,247.63,238.30,232.24,228.23,224.00,216.34,212.53,208.94,204.13,201.47,198.82,189.55,187.41,182.58,176.95,166.08,157.28,148.11,140.58,130.38,118.15,106.74
147.83,162.31,167.11,175.45,183.63,190.79,192.38,194.54,193.93,198.11,201.53,202.04,205.68,207.76,210.76,213.52,217.33,220.15,226.29,229.06,233.31,240.02,241.53,247.89,249.55,247.98,246.07,242.74,240.19,234.46,232.08,221.60,217.94,212.60,208.57,203.03,202.83,198.13,193.61,188.04,188.05,183.85,177.52,173.77,167.69,159.42,152.61,142.64,134.41,123.02,115.77,103.41
152.85,167.36,175.86,182.78,188.35,194.64,196.31,197.23,196.62,200.37,202.00,205.70,206.52,207.27,209.99,213.81,219.86,224.64,228.71,232.43,237.93,244.05,248.34,253.36,254.72,257.58,257.33,253.28,250.19,245.93,242.55,233.44,230.03,230.49,226.74,219.00,216.06,212.91,210.15,212.42,209.57,200.85,196.82,192.94,187.60,177.10,169.00,160.12,151.61,142.41,128.35,115.97
139.79,151.86,158.24,166.11,170.88,177.05,176.60,180.10,179.23,180.42,183.21,186.49,186.70,186.60,191.32,196.09,201.42,206.17,209.66,212.60,218.55,223.06,226.74,229.86,232.42,237.81,237.01,233.06,232.60,227.11,225.00,220.05,214.37,215.13,212.24,205.55,204.82,200.77,198.44,199.09,196.92,188.73,185.61,181.57,177.55,169.11,158.66,151.17,143.40,133.42,120.50,110.11
137.93,151.40,158.43,164.92,171.43,176.64,177.29,179.62,179.62,184.02,184.68,189.45,191.95,193.40,197.16,201.44,208.00,212.27,220.13,224.00,233.32,240.41,244.79,249.03,252.20,259.37,262.39,258.85,258.50,251.67,248.20,241.54,241.10,239.94,238.81,232.00,231.40,224.80,223.18,223.65,220.64,213.49,208.90,205.55,200.38,190.60,182.78,171.41,162.25,150.05,138.28,122.07
138.71,150.34,157.99,165.02,169.73,173.28,174.75,175.19,177.79,179.21,181.57,183.86,186.07,188.05,193.87,197.57,204.98,210.44,215.82,221.18,229.96,235.03,241.07,244.50,249.05,252.34,253.27,250.86,252.00,246.60,241.41,235.72,237.54,230.67,228.53,225.08,222.32,220.13,216.33,213.86,211.95,206.81,200.37,197.34,193.37,183.85,176.50,167.71,160.23,146.54,131.91,117.05
131.19,145.21,146.09,156.21,161.76,166.42,167.34,166.30,167.29,170.58,173.28,175.64,177.20,179.28,184.46,189.41,195.88,202.63,204.95,210.06,216.72,224.40,228.21,233.95,235.73,240.07,241.88,236.16,235.23,230.99,227.20,221.72,217.22,215.35,214.37,208.37,205.06,200.37,199.55,195.13,193.31,189.42,181.34,179.25,175.57,167.86,161.99,153.94,145.09,133.96,121.66,108.67
131.49,144.84,150.33,160.82,165.48,173.36,173.40,176.73,180.04,181.08,187.04,189.76,191.64,195.44,200.64,206.40,210.30,214.89,219.24,225.22,231.84,239.25,242.33,250.48,252.38,255.23,251.87,249.00,246.71,240.69,238.31,231.31,226.77,220.51,215.39,209.27,207.69,203.68,199.42,193.35,189.18,184.44,177.55,173.46,168.13,158.86,151.95,143.22,134.18,124.78,113.65,100.69
136.62,150.21,156.54,164.27,167.76,176.03,175.39,179.77,180.71,183.07,186.97,190.26,192.09,195.93,201.36,206.20,212.35,217.22,220.95,227.55,233.50,237.79,240.28,242.64,246.98,250.01,248.52,244.92,239.01,234.20,233.31,223.66,217.52,211.46,207.78,203.57,200.17,195.27,190.34,188.40,182.07,175.00,170.84,166.15,161.22,150.72,142.17,133.63,125.13,115.87,106.30,94.89
133.03,144.93,151.35,159.15,164.00,170.30,171.49,175.58,175.93,179.49,182.52,187.41,189.65,192.21,199.02,205.07,208.00,215.56,216.95,224.20,231.72,234.54,236.17,245.41,246.01,248.79,242.17,239.74,235.29,229.63,229.09,222.32,216.18,209.95,206.65,202.57,196.45,189.95,186.78,180.94,178.89,171.96,164.44,160.70,155.67,145.09,138.50,129.00,119.52,111.41,101.12,91.59
121.04,132.28,137.57,146.11,150.63,157.55,159.25,162.93,164.02,168.88,172.01,177.12,180.85,183.88,189.56,193.02,196.76,204.61,210.87,214.73,220.24,225.36,231.54,234.40,238.90,242.16,241.60,235.42,235.59,232.36,228.63,223.08,217.08,212.70,210.30,198.40,195.06,188.66,183.41,179.77,172.86,164.47,156.12,152.61,145.62,135.96,127.42,121.02,112.51,103.71,95.88,85.59
132.94,143.89,149.48,158.29,165.21,170.77,172.65,176.80,180.85,183.64,187.54,193.94,195.90,199.14,205.23,209.29,213.69,221.42,227.73,233.09,235.26,242.43,249.99,253.06,258.43,260.60,260.93,255.88,252.98,251.87,245.80,243.73,234.63,231.02,225.23,217.26,213.06,205.87,200.88,195.26,188.28,183.33,172.05,168.94,160.53,149.45,142.01,132.82,125.67,115.00,105.51,96.42
133.76,144.84,151.85,160.96,165.76,173.53,176.64,180.01,183.66,186.68,188.32,195.50,198.77,201.73,204.38,209.26,213.46,221.38,228.56,230.20,236.56,239.21,242.90,248.52,252.72,255.91,257.10,252.58,250.51,247.40,239.79,235.05,227.34,225.58,220.10,212.94,207.28,200.96,195.78,191.70,187.38,177.90,171.42,166.65,160.31,149.00,140.81,134.54,123.57,116.85,106.94,96.88
127.02,139.06,145.77,155.44,156.98,165.44,166.68,171.13,172.70,175.48,178.84,185.23,186.46,188.79,195.16,198.18,198.60,204.63,213.30,217.57,223.60,228.60,234.96,237.93,244.24,246.56,249.02,244.30,245.06,238.38,235.42,229.81,223.22,221.33,212.14,206.52,201.12,195.41,189.18,186.13,180.62,172.53,168.00,162.80,156.95,146.54,137.38,131.24,125.16,117.15,103.73,96.67
132.38,145.09,150.72,160.00,165.95,173.57,173.66,177.10,181.76,184.23,187.45,191.13,191.93,195.26,200.18,206.55,209.34,215.08,218.59,227.24,231.42,241.09,244.66,253.31,256.36,257.98,259.02,257.84,254.33,247.34,244.73,238.05,230.02,224.34,216.00,214.03,206.65,203.42,197.84,190.00,185.87,178.54,170.31,166.35,157.85,150.37,144.22,135.80,127.13,118.21,106.47,97.74
129.14,139.09,147.23,154.80,161.19,168.08,167.54,173.29,174.18,177.49,181.65,184.22,187.41,187.54,192.07,198.06,199.32,206.48,210.38,216.39,224.66,231.93,235.80,244.84,248.05,251.67,252.69,247.65,247.05,239.70,235.21,229.84,224.76,217.62,210.98,206.29,197.80,192.00,187.56,182.89,179.40,169.14,164.18,158.03,152.49,143.27,135.45,129.03,118.80,112.01,102.83,91.53
128.04,137.32,146.78,153.53,158.98,165.08,167.09,168.69,167.41,170.47,173.28,175.96,175.29,177.12,180.71,183.41,185.80,192.31,195.37,197.33,203.04,210.69,214.73,223.99,229.06,228.63,241.10,233.21,227.71,227.47,226.64,218.32,208.27,202.43,195.89,186.60,180.28,171.70,167.71,163.20,157.49,147.76,145.36,140.70,135.98,128.02,122.41,117.00,108.90,101.02,93.65,84.06
135.96,150.57,160.70,167.89,174.00,178.31,181.28,184.40,187.11,188.09,189.40,192.42,193.89,192.35,199.20,202.04,203.38,208.10,210.30,212.85,214.95,222.50,226.81,236.02,237.74,239.63,256.10,250.95,251.87,250.84,250.46,242.13,235.13,228.71,222.31,212.90,205.65,195.13,188.56,185.97,181.24,169.00,163.78,161.32,154.03,143.02,138.59,130.55,124.15,113.60,101.83,93.90
140.09,151.18,159.48,168.58,178.10,186.64,188.73,191.64,193.24,194.26,200.61,202.24,205.01,205.09,207.58,208.66,211.29,213.15,218.82,217.86,219.45,218.71,223.68,226.15,226.50,231.29,226.06,223.57,220.48,215.52,212.62,207.04,205.25,199.58,197.57,193.20,189.43,186.25,184.30,179.45,176.05,174.20,167.57,165.01,159.33,152.12,147.27,138.24,129.76,121.12,111.73,100.24
143.03,158.82,164.27,173.35,185.10,191.08,196.08,197.69,199.33,202.20,210.28,208.89,208.83,211.34,217.01,218.66,219.27,223.49,227.27,230.00,233.96,237.97,243.82,245.34,249.33,249.87,255.00,248.70,247.48,245.05,236.55,233.03,225.39,223.27,218.11,211.12,204.79,201.00,195.26,189.47,182.10,175.62,166.48,163.38,156.78,146.12,140.73,132.00,123.15,113.05,105.80,96.18
149.65,164.81,172.04,182.20,191.53,202.43,203.89,206.52,209.12,211.55,213.04,217.31,219.99,217.11,222.04,222.19,223.14,226.79,229.26,228.49,230.29,230.99,231.10,234.20,232.81,236.02,230.29,222.85,220.79,218.74,213.77,204.60,198.83,197.29,194.62,192.09,186.59,182.18,179.23,175.93,173.37,167.72,161.60,159.10,153.70,145.53,140.60,135.07,126.02,117.29,107.22,98.01
159.91,175.82,186.81,198.65,204.92,215.42,217.51,225.44,228.22,228.30,230.78,234.58,233.62,232.86,236.14,237.53,239.07,241.27,240.38,242.53,241.01,241.02,239.59,244.40,242.55,242.63,235.72,233.11,230.05,222.43,221.58,213.62,207.28,199.28,199.01,195.16,190.71,186.95,181.82,178.91,177.10,170.47,165.85,164.45,157.32,147.12,142.84,134.83,128.86,119.22,109.24,99.32
150.27,164.20,171.86,182.39,189.32,200.96,202.47,207.42,210.69,213.24,215.18,220.62,221.28,223.14,225.02,228.16,231.19,234.97,236.71,239.64,241.09,243.71,247.55,254.12,252.48,258.05,253.34,245.45,245.25,239.17,236.54,229.17,220.59,217.14,214.44,210.87,204.96,199.74,197.02,191.05,188.09,180.69,177.37,171.21,166.60,154.65,150.48,141.99,132.82,124.74,114.53,104.24
153.70,170.04,177.72,187.11,196.03,205.41,205.06,210.30,212.29,214.31,216.23,219.06,219.58,220.05,222.43,224.04,226.01,227.20,229.17,228.71,228.35,229.16,229.71,235.23,233.21,232.33,222.91,220.59,215.08,210.84,210.64,202.20,197.39,193.00,192.31,189.17,184.68,181.50,179.03,178.49,173.67,171.08,166.39,165.92,160.07,153.57,150.59,141.38,133.14,125.63,115.66,104.20
159.40,174.23,184.30,195.21,205.57,212.25,206.17,222.89,228.67,229.10,230.99,237.70,237.43,236.75,244.25,242.64,246.89,249.61,249.07,251.80,250.42,251.37,249.47,254.15,253.43,252.11,242.87,242.74,237.89,229.87,225.61,218.40,210.28,205.09,203.77,197.40,195.36,189.91,187.49,187.02,181.82,175.32,170.47,168.58,162.11,156.22,147.83,140.93,135.57,127.28,115.95,107.07
153.44,169.18,180.25,189.65,199.47,209.58,212.93,221.65,223.79,228.12,231.23,238.16,238.90,239.41,243.52,247.12,250.99,254.58,256.98,259.11,261.12,263.80,263.49,268.42,267.78,265.32,260.00,259.62,252.01,244.72,240.30,232.55,223.65,216.63,215.34,210.40,204.36,200.49,194.99,194.51,188.99,181.96,177.53,173.99,167.36,157.00,152.32,143.53,136.48,128.08,117.02,108.85
144.63,159.67,169.01,181.00,186.94,200.41,202.47,211.01,215.80,219.40,221.63,228.76,227.98,229.68,237.80,241.13,245.28,247.01,248.52,253.39,254.66,258.45,258.65,267.01,268.00,266.72,259.38,257.31,253.20,243.13,241.14,232.73,223.22,217.89,213.01,209.31,201.80,196.41,193.21,188.14,183.66,175.51,169.59,167.29,159.00,149.31,143.81,134.47,127.77,119.71,108.47,97.42
128.06,142.87,150.60,160.85,169.24,178.08,181.47,189.71,194.13,196.42,203.09,209.20,210.44,212.60,215.14,220.03,224.90,230.50,233.32,235.10,237.69,238.76,242.99,247.10,247.49,250.95,246.10,241.63,238.47,231.46,226.29,220.32,210.68,205.78,201.90,193.87,188.68,181.07,178.44,173.63,169.54,160.53,155.63,151.58,145.40,135.59,128.06,121.64,111.09,102.12,95.52,86.21
126.19,138.54,151.29,158.82,167.97,178.14,181.96,191.26,195.79,200.49,207.48,211.51,214.67,218.63,224.72,228.46,233.21,238.61,243.00,244.77,251.02,257.66,259.34,265.00,266.33,265.41,262.68,260.22,255.52,251.79,244.90,236.40,229.73,221.58,217.30,209.29,205.92,202.12,194.37,189.45,184.02,177.75,168.63,163.40,157.89,144.81,136.82,128.55,120.93,109.62,100.18,88.46
133.15,146.99,158.93,167.33,175.14,187.01,191.89,200.25,206.93,212.94,219.43,227.53,228.54,232.09,236.54,240.35,246.73,252.72,259.42,260.76,262.35,267.91,268.60,273.94,274.64,277.35,273.89,267.04,262.92,255.14,248.28,240.44,230.29,223.22,217.82,209.24,201.68,195.43,189.40,185.40,181.57,167.57,162.54,155.36,147.03,134.89,126.21,117.89,109.04,100.12,89.89,79.70
129.03,142.59,152.51,162.79,169.73,181.07,186.57,193.04,200.41,204.63,213.00,218.45,220.06,224.20,228.06,232.94,238.30,244.04,247.95,251.15,255.70,258.45,262.43,265.68,268.33,264.78,263.66,261.62,254.59,245.67,242.99,235.59,226.65,215.75,211.69,203.04,200.26,193.93,187.18,181.60,175.70,166.21,157.81,153.44,143.54,131.24,124.34,113.78,106.04,96.30,85.96,75.74
125.25,138.18,145.77,156.46,164.65,172.82,177.69,185.15,189.23,198.57,200.09,208.61,211.01,214.31,217.59,223.66,229.12,235.77,236.88,240.30,243.02,248.94,249.58,253.86,257.13,259.83,256.63,252.07,246.66,240.10,236.63,226.23,218.39,213.79,209.35,202.31,195.73,189.01,184.00,180.24,175.28,165.56,157.87,153.81,144.22,132.31,122.49,114.06,106.53,97.33,85.80,77.20
133.22,145.12,153.15,160.65,169.01,178.49,180.41,186.04,190.59,194.34,201.14,205.80,207.17,213.14,218.23,221.63,225.76,232.69,236.21,241.02,244.13,249.19,251.00,258.07,259.37,261.20,260.69,261.51,257.50,250.42,249.10,240.87,236.23,230.23,228.40,222.65,218.74,212.73,209.06,204.61,200.06,191.72,183.46,180.85,169.06,158.69,149.27,140.23,130.42,118.53,106.53,96.25
132.32,144.25,153.57,162.00,170.77,180.37,184.62,192.07,194.88,199.64,206.83,209.91,212.25,216.33,220.24,224.41,231.08,235.26,238.83,240.67,244.66,250.00,251.39,257.29,258.86,256.59,253.80,254.47,252.62,244.01,241.81,234.35,229.32,223.65,222.77,217.57,214.11,210.01,204.20,200.49,195.13,190.69,182.04,179.18,170.58,160.25,153.33,142.86,135.25,123.71,113.95,102.42
131.06,146.97,151.85,164.34,173.44,185.04,188.73,199.04,202.05,210.62,214.67,221.33,226.32,227.69,232.23,240.05,244.00,252.00,253.66,255.49,262.09,265.40,268.75,272.01,275.79,279.18,275.29,268.40,264.80,261.03,257.12,247.08,241.59,239.92,238.67,229.19,225.50,220.08,216.97,212.58,208.02,198.34,191.90,187.77,179.74,168.29,162.00,151.18,141.09,129.99,118.07,107.45
124.31,138.70,146.22,159.31,165.89,176.73,182.50,196.66,200.30,208.00,212.20,220.01,224.96,227.11,232.17,239.15,245.00,250.91,253.03,256.63,263.50,267.90,270.41,274.72,274.91,275.28,273.01,265.56,262.77,257.12,251.61,241.50,232.94,230.08,226.27,219.00,213.56,206.60,202.27,199.72,193.21,184.11,179.18,175.76,167.33,154.01,145.83,135.98,128.83,120.25,105.00,95.38
123.44,137.93,147.15,158.66,170.01,182.66,186.04,198.22,203.93,210.32,219.18,223.26,227.18,232.25,239.27,244.40,249.11,254.44,258.50,260.73,262.65,268.31,267.37,273.25,274.85,273.25,266.32,259.22,252.68,246.81,240.42,230.76,220.48,214.01,211.09,201.76,196.79,193.09,188.11,182.43,176.39,169.59,162.39,158.26,151.20,141.55,133.15,124.02,113.90,99.70,95.77,86.88
127.05,143.28,150.05,160.98,171.75,180.51,185.81,192.85,197.85,202.88,210.77,214.97,221.38,223.13,229.26,232.80,238.03,242.79,248.10,249.39,251.44,252.60,257.98,256.58,260.86,261.01,254.62,248.78,242.54,236.86,228.78,221.42,213.59,209.86,205.64,197.65,195.85,190.12,186.26,183.58,179.10,170.84,166.23,162.83,157.21,147.85,143.38,132.22,124.58,116.04,104.81,94.56
123.07,137.32,144.90,153.15,161.42,171.23,174.66,182.28,188.28,191.80,197.43,202.71,206.83,208.27,214.60,217.80,224.08,227.41,229.99,233.62,233.57,237.03,238.10,239.74,241.06,241.98,233.93,231.14,224.64,218.55,212.20,204.88,198.98,191.38,187.77,182.15,178.40,174.73,171.73,167.94,163.13,157.88,152.27,150.95,145.03,137.30,130.46,124.34,116.09,107.15,97.13,87.01
136.69,151.21,159.93,172.24,179.85,191.07,194.54,205.06,210.11,216.12,220.78,229.37,230.78,232.18,238.37,239.20,248.56,252.10,255.55,256.68,256.74,259.08,263.76,265.17,263.55,263.18,255.20,248.74,239.14,234.67,226.91,217.71,207.14,200.26,198.01,188.57,184.38,177.65,174.20,173.25,169.50,159.73,154.69,151.75,146.03,134.12,129.69,120.83,115.16,106.40,95.82,85.62
152.63,168.40,176.57,185.78,197.80,208.34,212.27,224.04,228.36,231.01,237.99,243.52,246.07,250.15,255.16,258.26,262.23,266.48,268.69,272.42,272.38,276.37,275.88,279.86,279.61,277.25,270.27,266.31,259.36,249.69,243.29,233.57,224.72,217.51,211.65,204.92,200.90,196.50,190.69,185.55,182.57,175.35,168.57,165.03,159.35,148.00,144.40,133.22,123.89,115.69,105.31,93.34
147.46,163.42,174.27,184.14,190.25,198.65,201.94,204.20,205.50,210.24,215.06,215.03,214.19,213.32,217.75,217.04,217.46,217.22,217.50,218.84,214.66,215.74,212.85,214.77,215.43,213.70,199.16,197.70,194.15,186.68,182.66,178.54,170.66,166.82,162.89,157.99,157.17,149.21,148.31,147.15,144.96,135.69,130.73,127.04,125.17,117.92,111.40,103.47,96.51,89.05,81.04,71.56
153.57,170.82,176.48,187.04,197.99,209.02,211.40,215.87,219.60,226.53,229.14,234.79,237.51,236.58,244.00,242.99,247.25,248.29,250.01,250.45,250.74,251.10,249.70,255.43,249.60,248.00,243.33,234.80,227.04,217.61,214.37,206.19,198.04,193.84,190.63,186.68,181.18,176.67,173.00,174.00,168.22,163.27,157.85,153.31,147.80,141.23,135.33,126.49,117.17,111.22,98.99,90.70
142.69,156.73,167.43,177.45,187.41,198.98,204.92,216.01,217.91,224.62,227.00,232.21,235.82,234.65,239.87,241.10,247.11,247.92,248.23,251.03,249.20,251.03,251.80,254.77,252.61,248.68,238.67,234.10,228.04,220.51,218.19,205.65,198.32,192.42,188.67,185.53,181.47,174.50,171.43,168.62,164.56,159.26,154.01,150.96,144.55,136.85,131.02,123.04,115.21,109.57,97.27,88.14
140.51,155.28,164.92,177.37,187.75,200.41,205.35,217.37,218.33,225.01,229.99,235.48,239.92,240.13,242.03,245.45,251.43,253.93,254.12,255.00,252.98,254.33,256.63,256.89,257.13,253.44,244.57,239.62,235.70,227.26,222.32,211.73,202.55,199.46,192.92,188.86,183.10,178.04,175.03,174.00,169.29,161.97,157.89,155.21,149.11,139.79,133.06,123.94,116.91,109.02,100.58,91.26
153.10,169.33,178.24,192.35,199.74,210.30,217.22,228.12,231.81,234.80,240.45,246.71,248.39,250.88,256.82,254.20,260.20,260.19,261.55,265.20,262.34,265.07,267.06,266.68,265.22,263.82,255.52,249.26,241.01,230.41,225.73,218.43,206.49,200.36,195.21,190.59,187.26,180.42,176.49,171.23,167.87,161.79,156.16,154.50,146.18,135.37,132.20,123.07,116.56,108.78,97.58,89.10
145.21,159.81,167.24,180.45,187.52,195.92,199.36,211.81,214.04,216.31,221.93,226.14,228.47,228.37,233.28,235.31,239.06,239.35,241.31,244.07,242.00,242.54,246.61,248.93,248.52,246.74,241.12,238.45,230.67,222.81,217.95,212.73,203.92,198.92,193.26,190.76,186.29,180.03,176.41,172.82,169.53,160.91,157.70,155.47,146.87,134.17,132.50,123.60,116.39,105.60,96.88,87.32
145.34,157.97,168.63,175.41,178.64,190.26,190.88,198.85,203.93,205.83,204.79,213.64,215.37,215.23,219.15,221.23,227.27,232.82,229.12,233.48,232.55,235.97,237.26,241.29,241.47,241.00,237.70,235.23,232.08,225.61,224.77,218.19,215.18,209.44,207.53,204.94,201.69,197.44,192.05,194.02,191.05,179.01,178.84,174.15,166.82,155.90,147.08,136.69,128.32,119.22,106.40,97.08
142.43,155.93,164.12,173.53,178.02,184.62,190.54,197.96,202.09,204.32,203.03,206.65,203.16,205.18,206.81,207.74,209.99,211.37,209.03,209.12,207.95,208.37,208.57,209.66,211.40,209.66,206.01,204.61,200.37,196.02,196.31,188.53,187.66,186.82,184.78,181.69,178.64,176.37,173.57,174.27,172.35,166.88,162.11,158.67,154.29,147.17,138.65,130.61,124.65,116.50,105.36,96.42
133.15,145.60,152.75,160.85,168.86,174.80,176.78,172.86,175.91,178.18,182.22,181.84,180.32,179.23,181.46,179.00,177.88,179.74,175.36,172.70,171.11,171.02,170.00,173.51,173.88,173.08,167.19,168.86,167.29,162.98,165.30,159.15,157.80,157.99,158.11,157.41,157.01,155.43,154.99,153.56,152.12,148.49,144.68,141.55,135.00,131.05,125.13,118.51,112.16,103.41,97.35,87.56
146.44,159.66,173.42,184.23,192.67,201.16,209.46,215.11,218.59,222.57,219.67,224.90,225.52,223.61,225.18,224.11,230.08,230.22,233.09,227.90,221.62,219.06,217.59,216.00,214.72,214.11,209.40,207.18,203.57,201.97,198.00,193.26,189.13,189.24,191.27,189.49,181.07,180.25,177.41,177.55,176.08,170.31,166.82,161.07,157.70,147.41,140.80,133.41,126.25,118.68,106.12,98.09
161.68,176.38,186.80,198.40,210.05,220.51,223.71,234.34,235.33,240.26,240.50,248.64,247.54,245.99,245.02,246.71,249.78,246.63,245.49,242.66,236.91,234.88,234.83,237.36,234.34,234.93,224.93,220.34,216.02,213.85,208.29,203.15,199.12,196.06,197.31,194.99,187.86,182.63,182.54,183.88,180.74,171.90,172.59,166.82,160.65,152.19,146.71,137.93,129.36,122.49,110.16,100.44
136.57,149.57,156.95,166.21,173.31,182.92,184.74,191.97,194.65,199.45,202.56,206.04,208.35,209.30,212.32,216.01,219.86,224.96,222.89,227.06,228.67,233.82,234.83,239.30,240.93,243.35,242.33,237.43,236.89,230.76,232.02,223.01,221.62,219.46,216.12,212.87,209.61,204.41,203.68,199.61,196.57,188.60,185.78,180.31,176.50,165.56,159.55,150.05,140.53,128.79,117.07,104.92
137.30,148.50,156.08,163.25,168.58,178.19,179.51,183.87,184.44,188.10,191.31,192.61,195.39,196.82,199.47,203.09,209.80,213.01,212.36,216.33,220.54,226.28,228.65,237.45,238.30,240.52,240.52,239.64,237.17,235.05,235.85,227.42,228.73,222.52,221.38,215.37,213.94,211.34,208.06,202.00,200.83,193.85,189.24,185.02,179.48,166.57,160.12,148.69,140.04,129.40,115.04,102.77
146.71,159.05,167.43,175.87,179.57,183.98,184.76,190.90,192.87,193.31,196.47,195.90,200.19,199.46,201.95,203.93,205.07,208.40,210.61,213.18,215.43,215.78,217.52,220.95,222.73,221.92,221.44,220.47,220.72,213.93,216.58,209.16,208.87,206.04,200.08,198.49,197.59,193.65,189.62,187.00,182.40,176.49,173.17,166.96,163.15,153.65,144.68,138.88,130.30,118.70,112.45,99.48
136.06,145.99,152.79,160.26,163.11,169.06,168.18,166.83,164.61,161.45,160.59,158.62,158.82,159.81,156.55,157.87,157.00,158.52,158.90,159.02,158.04,157.62,159.35,156.92,159.31,164.07,160.33,161.08,164.77,160.80,159.03,154.95,158.93,157.29,153.84,153.16,151.27,148.66,146.39,148.31,148.49,142.14,139.90,138.24,135.21,127.82,123.84,117.78,110.11,100.62,95.21,84.72
139.04,152.61,159.39,165.42,170.86,172.79,174.66,173.95,170.65,168.57,164.48,159.05,157.18,152.90,150.99,151.00,142.51,144.53,139.53,142.13,136.97,138.01,141.68,139.03,143.01,144.45,136.12,136.00,138.29,134.83,140.94,133.14,135.09,135.42,135.00,133.96,135.15,130.18,130.25,129.81,127.58,122.67,122.64,119.52,114.98,107.63,104.35,99.46,92.01,83.24,78.06,71.69
163.36,177.55,189.45,199.48,204.89,215.06,219.15,224.09,227.25,229.51,232.22,236.16,237.69,237.92,240.52,242.99,243.07,249.39,250.91,248.39,246.35,248.56,250.99,255.39,250.32,249.47,252.69,211.02,129.84,142.79,131.47,114.13,86.13,67.27,64.66,45.71,54.13,55.61,60.02,59.64,72.20,80.75,80.23,85.09,84.40,86.28,88.24,81.32,79.31,76.01,71.18,63.70
158.29,173.93,184.68,195.49,198.57,210.86,213.74,220.06,220.20,222.38,226.24,230.67,227.98,230.42,234.31,234.70,235.60,238.08,237.49,241.13,238.61,241.99,240.31,245.90,244.53,244.83,232.69,230.26,223.90,215.52,209.58,204.22,193.71,188.50,182.53,179.03,177.23,174.98,171.83,164.30,162.98,160.13,152.03,148.00,145.87,135.79,126.87,118.70,108.23,99.30,87.02,73.82
78.75,91.68,92.05,98.47,102.88,95.34,103.95,108.81,109.22,112.61,110.31,107.30,110.64,107.70,114.34,114.42,119.27,119.75,124.91,122.26,126.53,131.40,132.44,132.77,134.84,131.47,132.06,128.36,127.03,119.42,117.92,116.66,109.48,106.83,105.08,98.72,98.72,94.15,96.18,93.60,93.52,86.83,86.27,86.47,91.68,117.27,123.43,115.41,106.15,97.32,88.10,76.03
148.40,162.19,170.77,179.00,183.81,189.45,192.92,195.94,196.35,196.22,202.47,204.98,205.43,203.19,207.10,205.08,208.56,210.34,216.01,216.40,219.46,225.40,228.97,233.81,232.81,240.00,237.69,233.89,235.33,232.02,229.64,227.70,228.05,230.34,229.08,226.99,226.87,224.86,223.08,222.95,222.52,217.89,214.67,209.62,205.92,195.14,184.79,176.03,163.25,149.16,136.69,120.65
144.81,157.51,169.50,177.51,184.14,189.19,193.00,198.29,198.84,202.32,203.82,208.93,209.15,207.48,209.83,211.94,213.93,217.75,218.71,222.07,222.64,225.94,229.49,229.58,235.65,236.10,241.02,239.08,237.70,236.61,238.08,236.21,239.21,243.31,239.21,234.98,233.81,233.36,230.93,229.73,227.80,218.32,214.97,206.65,202.20,187.68,176.92,170.34,156.82,146.32,133.42,119.81
74.03,79.70,82.28,82.07,86.59,87.93,88.53,86.02,85.56,91.48,91.98,92.96,90.82,94.05,93.48,94.81,92.09,91.59,89.94,91.05,77.39,75.00,75.66,75.80,71.03,72.95,77.65,76.48,81.02,82.28,94.09,99.37,131.76,155.33,167.03,173.10,169.25,168.51,165.89,160.07,152.32,146.41,138.59,133.45,127.91,117.78,107.47,101.26,92.70,84.01,78.10,69.38
141.48,155.19,165.05,172.05,177.12,188.40,189.31,197.09,198.12,201.31,204.94,210.54,210.49,210.95,211.83,213.49,217.81,218.26,220.13,221.53,219.33,220.79,224.61,227.50,227.90,225.42,224.10,219.83,218.52,215.39,213.96,210.01,205.65,203.86,201.66,200.17,194.25,191.94,186.57,185.69,182.33,175.00,167.84,164.94,159.22,146.34,139.22,130.70,120.74,113.65,100.00,91.92
158.39,173.08,180.01,191.27,198.31,208.89,210.76,214.71,217.08,219.15,222.27,226.00,226.36,225.82,228.97,229.97,231.22,232.43,233.08,233.32,229.96,229.69,229.43,234.97,230.34,229.97,225.09,222.27,220.91,214.15,212.45,207.80,205.23,202.15,201.02,198.98,196.89,193.23,189.68,185.13,183.52,179.57,172.54,170.85,162.93,153.33,150.28,142.39,117.39,151.70,113.89,98.99
151.95,167.93,175.41,188.04,194.03,205.92,209.06,216.71,217.52,222.43,223.66,228.55,228.87,227.27,228.09,230.76,232.00,232.44,233.33,228.32,227.50,227.40,226.64,229.84,227.49,228.87,221.23,217.19,214.22,211.40,208.52,202.43,199.02,196.40,196.00,191.04,187.49,183.31,181.96,181.76,177.55,170.46,166.09,161.61,157.49,148.52,144.06,133.41,126.06,118.60,108.60,100.40
153.48,167.16,177.00,188.85,198.01,208.91,210.95,218.89,221.77,225.30,228.37,233.93,234.93,234.73,241.40,239.84,242.43,247.33,248.42,245.98,243.67,246.06,244.32,247.83,245.49,247.20,242.44,239.27,234.80,232.02,229.22,221.29,218.25,216.23,215.08,211.44,207.04,204.94,201.16,198.44,193.77,188.88,180.87,175.93,170.00,160.15,153.53,144.27,133.45,124.06,113.22,103.86
145.10,156.01,166.94,177.60,183.41,192.90,194.74,203.04,204.39,208.03,209.16,215.14,216.09,215.60,218.56,217.00,223.37,226.10,227.30,224.52,224.18,225.08,226.68,232.40,229.58,231.42,224.54,225.22,221.58,219.69,216.93,210.95,209.35,206.71,206.01,202.57,197.67,193.68,191.67,192.59,188.22,180.68,175.21,171.14,165.05,151.80,145.09,134.48,127.09,117.52,105.60,96.33
144.36,157.20,163.08,171.77,180.42,190.97,190.78,196.79,198.70,203.07,205.54,207.63,209.17,210.64,213.30,215.06,216.11,220.24,221.42,220.64,222.03,221.18,222.41,229.71,227.38,226.74,222.06,223.66,220.03,214.60,213.96,208.43,204.35,201.10,199.45,195.53,192.38,188.31,185.00,179.90,176.26,171.47,163.92,159.11,153.56,142.51,134.97,125.40,117.44,109.04,98.67,89.01
147.46,161.99,169.19,179.72,188.90,198.67,201.19,206.52,208.01,210.79,213.96,216.98,217.31,217.92,222.70,220.51,224.19,225.56,221.44,223.79,222.18,223.29,223.11,227.77,226.64,226.26,223.18,223.09,219.70,212.85,214.87,206.63,202.04,195.97,193.87,191.11,188.06,183.44,181.54,175.25,171.49,166.83,158.45,154.73,150.33,138.65,131.53,123.07,116.71,108.78,97.94,89.81
137.09,147.63,154.16,161.64,170.36,177.78,180.80,186.68,190.09,194.29,196.60,197.85,202.70,200.09,205.19,205.80,208.74,212.90,213.41,214.76,215.41,217.80,221.92,224.15,224.51,228.41,223.68,221.14,216.54,213.23,210.85,203.19,199.28,199.06,194.52,191.02,187.11,182.39,176.96,175.50,172.36,167.30,161.01,156.39,151.48,139.52,133.15,125.87,118.04,110.11,99.99,90.27
133.60,146.01,152.74,162.41,171.21,180.36,182.40,189.64,191.00,195.02,196.15,201.06,201.68,204.09,205.53,208.14,209.82,211.43,212.01,209.48,211.29,212.93,214.95,218.22,218.04,219.99,218.08,216.48,214.22,209.19,209.80,201.76,199.40,197.69,197.19,194.44,189.65,185.65,183.48,182.73,180.16,173.28,168.00,163.99,158.03,150.10,144.42,135.06,125.60,118.53,109.18,99.82
131.87,145.42,153.85,162.05,172.17,180.00,181.89,189.53,193.83,197.34,199.12,204.41,204.17,205.73,208.39,210.62,214.01,215.08,215.15,213.19,215.20,215.41,219.49,220.91,221.22,223.16,219.86,217.17,215.04,210.04,209.30,202.09,199.01,197.25,196.74,192.94,188.88,183.37,182.20,183.25,179.72,173.08,168.87,165.00,159.88,153.40,147.00,139.09,131.38,122.48,112.36,103.23
133.46,145.10,154.30,163.44,172.41,181.21,185.84,191.67,195.66,198.98,201.93,206.53,206.97,207.65,212.51,212.33,216.83,216.28,220.27,216.81,216.62,217.08,218.56,222.09,223.56,219.13,217.12,215.23,208.34,204.90,206.20,198.41,195.63,191.98,191.42,187.63,186.00,182.10,178.40,176.66,171.56,170.75,162.24,161.28,156.25,148.22,141.66,132.46,125.54,116.85,108.24,98.51
140.24,152.90,165.06,176.74,183.45,195.98,201.97,209.69,214.28,219.87,220.51,227.91,230.42,227.48,230.67,232.62,237.19,242.00,241.13,240.52,239.31,241.40,242.87,246.11,243.96,245.51,242.84,232.42,231.04,227.63,223.04,213.04,208.92,209.07,205.29,201.21,194.64,189.77,186.99,186.17,184.78,176.12,173.22,166.90,160.80,150.37,144.01,136.24,129.27,120.55,108.37,98.49
146.45,161.05,172.41,184.20,194.40,205.30,210.61,219.24,224.74,229.01,233.23,238.48,240.25,236.81,239.35,239.18,246.63,248.72,247.95,246.02,245.42,246.29,248.22,248.81,247.43,248.92,243.39,239.64,231.87,232.04,226.23,217.41,213.78,214.39,210.26,204.46,201.56,196.37,192.80,192.46,188.85,181.80,176.78,173.37,167.87,157.17,149.86,141.74,133.00,124.91,114.73,104.12
133.06,146.45,154.49,167.48,175.45,187.11,190.39,197.77,200.26,205.77,208.84,214.04,213.58,215.26,218.21,218.16,221.95,223.76,223.90,222.04,217.75,221.38,220.29,224.40,221.49,224.11,216.30,211.48,207.82,203.97,201.26,194.16,190.01,188.57,184.10,183.29,178.06,175.03,172.43,169.71,166.40,162.11,156.60,151.83,150.21,141.57,138.19,129.87,122.49,117.64,108.27,98.62
127.74,139.28,146.99,155.19,165.44,175.51,177.46,187.58,190.63,196.11,199.20,202.11,205.24,207.47,211.77,213.01,216.53,219.06,220.91,222.79,222.14,224.90,225.42,232.41,230.93,232.36,231.01,228.27,228.57,222.02,221.29,213.97,211.37,207.23,205.98,201.42,196.82,194.16,188.48,183.70,179.81,174.84,170.10,166.21,161.01,151.82,145.34,136.82,129.47,123.07,112.54,104.06
129.19,141.82,149.46,157.28,167.32,175.82,182.22,190.01,193.94,200.56,203.79,209.12,212.08,213.97,221.07,224.01,227.37,231.32,233.57,236.60,241.03,242.90,245.51,252.67,252.48,256.03,251.47,249.65,248.28,244.01,242.54,236.32,232.50,230.77,228.82,224.72,221.20,216.17,212.42,207.06,201.68,195.48,186.68,181.74,174.43,160.90,154.85,145.66,137.32,126.57,116.38,105.55
121.06,132.10,139.95,147.68,156.03,166.09,168.24,175.86,179.34,184.77,187.26,193.05,193.68,197.01,198.66,203.30,206.16,208.92,211.15,209.48,212.17,214.37,213.68,218.15,218.20,221.36,217.91,213.59,212.46,208.41,206.63,200.84,199.22,197.00,197.12,196.71,190.71,187.95,186.43,186.47,183.90,176.58,173.35,168.08,162.59,150.86,142.89,135.15,125.72,117.96,106.96,99.05
143.78,158.42,167.31,178.04,186.94,196.31,202.71,205.97,209.70,213.36,215.82,219.79,220.08,220.41,221.88,221.50,228.25,230.10,231.81,232.82,234.80,238.08,242.99,247.73,247.94,249.87,247.42,243.68,240.52,238.00,234.55,232.33,227.04,223.83,221.92,220.95,216.75,211.60,208.39,204.36,202.79,196.70,190.38,189.45,181.60,174.27,170.99,157.81,138.84,138.00,123.66,113.36
144.31,156.78,167.07,175.51,186.17,195.86,200.82,208.91,210.95,214.37,215.42,221.00,221.35,221.92,224.47,225.16,231.22,234.78,236.04,234.80,236.03,238.25,242.33,245.61,245.38,250.39,246.46,241.05,238.81,236.32,232.69,227.20,221.45,223.29,219.82,215.71,210.38,205.65,200.60,201.69,198.86,189.21,184.69,180.94,175.57,165.42,157.32,148.19,141.23,133.26,121.20,110.82
140.04,153.52,163.78,173.00,181.65,193.08,197.74,202.63,205.57,210.38,212.73,216.09,219.00,218.58,223.57,223.56,226.93,229.24,231.37,231.50,231.61,232.43,233.48,239.28,239.73,239.11,236.54,235.13,232.80,229.54,226.45,222.19,219.78,217.22,214.70,211.29,208.40,206.55,200.55,198.16,193.66,188.52,181.32,178.13,174.04,163.19,156.32,148.43,137.83,130.18,120.54,110.11
154.18,170.99,179.14,189.49,200.38,210.49,215.34,223.29,223.73,228.21,232.31,235.28,235.10,234.93,237.86,236.91,242.53,242.54,242.47,242.55,243.25,246.13,244.01,250.49,249.23,250.23,246.49,243.83,241.75,237.84,235.28,231.53,226.88,224.47,219.86,216.36,215.61,210.95,207.10,206.48,200.36,197.50,190.38,186.98,181.95,172.15,166.01,160.26,150.63,141.01,132.91,122.12
148.05,162.16,170.43,182.26,192.44,200.68,207.04,211.25,213.02,217.92,220.23,224.89,224.88,223.90,226.32,227.64,228.53,235.31,235.02,234.03,235.32,235.55,238.95,243.99,244.20,248.65,247.69,239.91,239.48,234.68,230.47,228.06,220.98,220.87,216.92,212.79,208.06,202.83,199.54,197.57,194.13,187.39,183.12,177.07,173.67,167.36,158.69,152.43,144.01,135.35,126.51,118.34
152.23,165.72,176.03,184.20,190.23,201.11,202.43,206.04,205.20,206.02,209.69,211.30,212.33,214.22,214.13,213.38,213.59,220.04,221.33,218.33,219.92,222.27,227.86,230.59,231.74,237.12,238.44,235.44,232.94,231.87,227.72,223.49,221.78,221.82,218.19,213.60,208.75,203.04,202.25,197.96,196.25,187.32,183.96,177.52,171.35,164.35,156.54,147.09,138.16,130.00,118.31,107.52
156.20,171.09,181.33,190.60,195.18,207.07,206.40,211.26,210.79,213.81,215.38,217.67,218.28,218.75,218.89,220.20,221.01,228.06,226.10,224.56,226.32,228.43,232.74,235.00,239.11,241.59,243.12,239.11,239.56,236.14,235.80,230.52,229.44,229.27,223.89,218.66,215.24,208.41,208.22,204.24,203.07,190.94,188.04,180.83,174.86,165.86,156.89,147.00,138.84,129.63,119.20,109.66
155.57,170.07,178.14,185.95,196.60,204.42,209.35,212.66,214.20,216.11,216.33,219.06,218.05,219.35,217.86,218.24,221.42,225.80,226.37,224.02,223.09,223.16,229.48,230.26,230.67,234.01,233.57,233.14,229.17,228.78,225.80,221.27,219.65,219.78,220.05,213.53,208.13,202.63,199.02,200.01,196.10,186.97,181.54,175.65,170.85,160.96,153.94,144.39,136.31,123.55,118.26,104.40
131.89,145.17,154.08,157.70,170.08,178.62,180.43,187.04,187.11,190.54,191.38,192.21,195.11,198.34,196.16,195.54,198.46,199.74,204.82,201.73,200.96,204.01,209.31,210.38,210.72,216.95,218.36,217.22,216.31,215.68,210.77,206.46,206.21,204.98,204.86,198.15,194.58,190.06,186.57,184.02,180.38,173.35,169.19,164.35,157.54,147.20,141.61,132.97,123.58,115.13,106.67,97.42
140.66,154.49,165.74,174.87,179.49,187.77,191.61,196.10,199.72,203.18,202.20,205.23,205.41,207.20,207.37,207.54,210.38,214.35,214.71,213.72,216.32,218.05,218.05,223.02,225.81,227.56,229.44,227.71,227.04,224.97,225.40,221.72,221.29,221.96,218.20,215.28,207.87,206.31,203.00,200.80,197.77,189.79,184.27,181.29,176.24,164.23,153.56,146.22,138.19,128.14,114.93,104.24
133.03,147.08,153.48,162.46,171.29,178.16,181.21,184.62,186.17,187.75,192.57,191.23,192.11,197.31,196.65,199.28,200.26,204.27,205.29,204.36,210.51,210.85,215.23,219.86,224.47,229.82,233.05,232.11,232.26,235.42,232.18,227.49,232.69,230.78,228.48,227.02,221.72,218.44,216.45,211.48,206.90,203.04,192.59,191.38,185.69,176.56,167.36,158.64,147.20,136.97,127.57,117.24
132.94,145.60,153.05,162.05,167.60,174.24,177.28,183.10,184.40,186.97,189.07,193.94,193.04,197.75,197.80,202.20,204.71,210.52,212.73,216.83,221.78,228.42,231.23,236.36,240.31,246.33,249.33,246.98,248.62,246.42,244.30,242.00,239.53,236.60,233.45,229.84,226.12,221.05,215.52,209.75,207.41,201.82,195.43,190.13,183.24,174.92,166.36,157.00,144.90,136.78,128.04,115.16
133.54,147.05,153.06,162.79,167.59,172.53,173.60,180.94,181.47,183.47,185.80,187.80,188.30,189.28,189.77,193.93,192.42,198.67,197.99,197.71,201.96,205.12,207.76,213.49,219.02,223.59,228.64,228.04,230.08,231.18,234.34,229.44,233.75,235.31,233.81,230.26,227.32,223.37,222.19,220.84,218.94,211.19,205.19,203.06,197.09,187.10,178.35,165.70,159.51,147.50,134.48,124.47
127.20,140.04,148.93,158.40,163.11,173.28,175.86,183.88,186.04,187.54,191.89,194.56,195.26,196.25,199.18,200.81,204.48,207.69,209.34,212.85,216.00,220.10,224.76,233.75,236.60,241.87,247.32,247.78,248.93,246.68,250.01,245.29,244.97,242.87,243.06,238.41,233.05,228.84,225.72,224.32,220.86,212.85,204.71,203.04,195.82,183.92,175.86,164.88,155.64,145.77,131.91,118.21
128.38,143.00,151.70,160.78,167.63,177.34,177.56,186.21,187.45,190.13,194.81,196.64,199.62,201.10,205.41,206.60,212.88,213.47,216.93,221.76,226.15,229.56,237.32,246.48,249.71,256.96,260.92,259.46,260.60,258.61,258.16,253.48,250.51,249.06,245.37,241.18,234.10,231.70,226.92,223.28,219.46,210.58,202.80,199.46,192.51,181.57,173.16,161.53,152.27,142.41,129.52,115.57
138.88,153.22,161.24,169.45,174.39,184.10,184.50,191.94,192.72,194.45,198.65,199.28,202.87,204.17,204.14,208.93,210.00,215.68,216.40,216.13,217.75,222.17,226.37,231.93,235.85,237.30,239.15,238.80,238.14,237.95,237.92,231.95,230.33,230.00,228.32,222.28,219.26,214.60,210.09,210.23,206.60,198.31,193.21,189.42,184.23,175.45,168.43,156.73,149.03,141.74,129.88,118.66
157.46,174.59,185.92,197.34,206.53,216.09,220.64,229.40,231.61,235.73,237.84,243.52,243.82,241.65,241.85,244.95,243.52,244.38,244.27,243.48,239.95,242.99,239.71,241.68,242.00,242.99,240.45,235.47,231.01,231.10,230.29,226.65,228.21,227.27,228.43,224.66,222.28,217.52,218.63,215.72,215.39,205.62,203.11,198.17,193.87,184.89,176.14,167.63,159.38,150.36,139.62,124.54
137.67,151.38,159.45,168.75,180.00,189.08,190.97,201.00,201.90,203.82,210.19,211.85,214.18,211.82,214.41,214.44,216.38,218.18,218.05,219.25,217.41,221.63,224.72,226.74,232.05,233.00,235.72,231.92,230.10,232.24,231.20,228.40,230.23,230.78,229.87,228.04,227.77,224.93,223.26,221.02,219.33,214.24,208.06,203.73,197.95,190.28,179.98,171.59,161.01,150.27,138.40,126.06
130.19,144.20,151.25,161.55,168.37,178.47,180.14,188.14,192.51,196.09,198.60,201.80,205.73,204.19,207.87,210.87,213.30,219.87,222.10,223.29,228.95,231.26,236.23,243.45,244.24,249.10,252.10,250.23,250.95,249.56,249.54,244.03,242.00,244.25,240.15,234.42,230.11,226.81,223.04,218.76,218.39,207.16,202.48,198.07,191.00,183.11,173.88,165.06,157.71,148.01,135.28,122.93
137.06,151.61,158.11,168.86,174.16,185.95,187.77,194.16,196.42,201.09,203.54,205.14,208.41,208.96,213.48,214.72,217.75,223.65,223.29,226.29,233.63,233.42,235.85,244.13,243.81,251.41,249.58,248.82,249.80,246.46,249.36,241.30,240.45,238.53,235.44,231.16,227.50,221.71,218.01,215.75,211.93,204.63,197.10,193.78,187.97,176.48,170.50,159.62,152.12,141.88,129.54,118.56
133.79,146.58,153.56,163.60,171.03,180.23,181.73,185.88,187.17,190.69,194.02,195.26,196.56,197.21,200.61,200.85,201.91,206.32,210.15,212.82,217.42,221.56,228.88,235.16,239.84,250.05,256.14,251.77,253.90,252.10,250.13,248.07,248.56,247.97,243.74,238.31,237.36,234.85,230.52,225.46,221.92,212.27,207.87,203.98,198.48,187.40,179.36,169.71,160.03,149.89,136.61,125.16
132.50,145.67,153.68,163.00,173.42,181.87,185.57,192.27,194.04,197.95,202.43,203.30,203.21,204.52,204.38,207.21,207.65,209.69,212.71,213.38,211.97,216.06,220.20,224.93,226.30,229.92,236.56,236.32,236.89,237.01,236.30,234.42,233.68,235.36,234.33,230.24,229.17,227.38,224.62,223.11,220.49,216.36,208.37,204.86,199.57,190.08,183.14,171.28,162.24,152.32,141.61,127.42
130.38,145.60,153.57,162.25,171.42,179.25,184.74,188.00,188.60,192.67,197.09,195.90,196.33,197.46,196.33,198.77,196.31,199.54,200.02,198.39,198.96,200.08,205.35,210.30,212.98,216.52,226.59,226.55,228.22,233.94,235.38,231.04,237.89,241.88,241.15,239.10,237.53,234.78,231.03,229.96,227.64,222.14,213.00,210.32,203.25,193.44,187.04,176.65,166.59,157.44,142.95,131.58
134.24,148.64,156.04,165.42,173.07,183.39,185.95,193.28,195.14,197.61,200.88,203.15,200.77,203.42,207.16,207.47,209.90,212.91,214.19,217.72,217.08,219.92,224.32,231.64,234.18,236.88,238.47,239.47,239.53,237.81,236.71,235.23,232.07,228.32,223.99,219.65,217.08,214.27,209.40,205.77,200.90,195.92,187.00,185.26,178.44,167.73,163.25,155.72,147.46,137.06,126.46,115.97
136.85,149.63,156.21,165.89,175.45,186.21,188.32,194.34,198.17,199.94,205.83,205.01,206.71,207.97,208.43,212.28,209.94,216.48,216.38,218.36,217.22,218.77,223.18,229.39,231.40,236.22,237.70,233.94,233.21,233.65,232.82,229.17,228.05,224.96,221.00,217.27,216.39,212.90,210.10,204.20,201.16,195.27,188.52,187.46,180.74,172.19,166.17,158.32,148.10,138.00,128.22,117.14
141.01,156.52,165.42,177.73,182.91,192.51,196.38,199.60,203.38,203.81,206.93,204.44,203.36,201.16,201.31,198.40,197.47,197.31,196.46,196.49,192.23,194.26,197.91,205.64,208.69,213.71,226.01,228.40,232.66,234.17,237.20,237.86,244.29,243.03,242.27,242.12,239.43,240.84,237.39,234.92,234.09,228.05,221.69,218.08,213.33,202.09,195.92,186.76,178.90,165.44,150.88,137.93
144.37,158.82,168.96,181.39,185.53,196.96,199.11,203.97,205.00,205.91,205.85,205.52,203.75,201.30,197.59,195.53,194.98,194.10,192.17,190.91,187.22,185.32,189.02,196.39,198.77,204.45,215.35,220.64,225.43,228.88,234.10,235.94,240.90,242.79,243.81,244.10,241.25,243.48,239.75,239.14,237.62,229.62,224.70,223.19,215.96,205.87,199.12,189.76,180.24,169.26,154.87,141.06
147.58,159.20,168.24,178.20,187.95,197.31,197.65,201.65,203.00,204.08,208.00,206.04,206.52,205.14,201.80,200.64,200.56,201.85,199.26,199.90,196.16,197.23,199.84,206.55,209.15,216.69,229.61,228.47,233.90,235.26,234.79,236.73,241.20,241.63,240.47,239.11,235.83,233.32,232.00,227.61,226.55,220.69,215.11,211.62,206.18,199.75,193.13,184.09,173.05,162.34,150.89,138.51
127.74,137.53,146.00,156.52,163.52,171.45,174.45,177.34,179.35,185.18,184.56,186.08,189.06,189.07,189.40,189.59,189.27,193.37,193.40,194.49,194.16,194.18,197.85,202.08,202.71,208.22,209.70,209.35,211.15,211.56,209.85,210.19,213.00,216.69,214.87,212.90,211.02,209.40,209.03,205.30,205.24,200.12,195.48,192.05,187.38,180.10,173.17,165.60,155.71,146.00,134.41,123.26
123.13,136.72,148.41,163.68,171.94,178.10,179.39,180.28,182.13,191.94,196.43,196.09,193.37,195.66,192.09,192.13,190.07,193.20,193.79,192.57,191.17,190.37,194.73,198.83,199.25,205.29,210.85,208.12,213.80,214.11,215.04,215.02,220.08,224.40,226.23,223.56,224.51,223.99,225.18,223.67,224.24,218.04,214.31,210.77,207.17,198.24,191.85,183.33,171.71,161.34,148.49,133.54
69.26,76.01,78.79,81.05,81.34,81.25,82.87,79.91,78.55,78.87,80.50,79.48,75.93,79.76,78.39,79.03,76.79,81.15,78.41,81.39,79.76,81.50,85.00,88.87,98.49,103.25,116.47,124.34,137.06,155.21,176.21,177.00,164.07,154.84,147.60,146.28,139.61,137.71,140.43,134.08,130.60,127.48,119.25,118.80,114.73,112.45,108.16,101.87,94.75,85.70,82.46,75.72
137.30,148.28,155.28,164.05,170.77,175.14,178.04,181.01,177.61,179.00,180.50,177.90,178.68,176.88,177.48,179.20,177.05,177.61,177.89,176.58,178.62,182.00,186.21,192.44,197.20,202.71,210.15,213.21,213.88,218.28,219.01,222.91,226.15,228.32,227.69,225.38,223.79,221.92,220.24,218.98,214.68,211.62,203.58,203.81,196.81,191.76,182.58,173.95,165.39,152.59,143.84,128.95
133.30,142.64,152.09,157.38,167.73,172.79,172.65,176.83,175.51,175.29,177.75,177.80,178.32,178.08,179.84,178.37,182.21,189.97,195.02,204.08,209.25,211.73,211.40,212.51,214.24,219.82,221.68,220.49,226.63,228.32,230.54,232.09,235.42,234.93,236.07,236.75,235.05,233.00,231.71,227.73,227.34,221.46,217.96,210.26,207.45,200.87,194.01,183.41,172.26,159.88,150.96,136.52
127.14,139.79,145.84,156.67,164.00,171.59,175.64,178.90,183.37,183.70,187.45,189.78,190.44,190.94,192.76,195.26,199.12,200.69,207.86,210.84,215.68,216.12,219.67,219.74,222.44,227.42,231.19,229.11,230.93,233.94,234.64,233.21,234.01,230.87,232.14,229.89,226.74,223.19,223.18,221.88,219.22,213.41,209.46,204.88,202.47,193.28,184.17,173.95,163.29,152.31,141.35,127.25
135.83,149.66,160.37,171.14,178.08,186.04,188.48,194.54,194.61,195.78,198.34,197.72,198.31,197.00,197.65,200.42,199.25,198.95,203.02,202.48,208.66,211.57,222.77,229.31,234.68,240.47,236.24,229.65,225.28,224.36,221.65,217.81,216.52,216.67,215.24,214.11,209.41,206.50,202.06,200.85,200.14,193.61,188.37,183.58,179.45,172.00,163.62,155.39,147.12,138.22,124.91,112.15
150.94,163.92,173.81,182.88,190.00,197.06,198.67,201.93,203.15,201.85,204.63,203.49,205.55,202.30,199.85,201.90,199.90,204.66,206.49,206.19,212.24,216.76,221.00,225.44,226.27,230.96,236.43,233.93,234.92,236.13,236.86,235.34,237.84,237.99,240.05,234.92,230.31,228.24,226.24,225.22,223.29,213.84,213.06,205.28,202.24,191.77,184.18,173.95,163.81,153.84,141.28,127.77
136.96,149.91,157.89,166.05,175.96,184.59,189.36,191.13,193.66,197.09,201.32,202.89,205.76,205.04,208.61,211.26,212.20,214.25,219.16,215.06,213.68,216.07,220.84,224.40,228.84,233.55,244.12,242.06,246.79,250.06,252.73,251.81,259.38,262.39,259.36,261.59,260.46,260.23,258.06,257.42,254.47,247.78,244.98,239.14,233.86,224.14,217.25,204.75,192.42,178.24,166.68,149.97
127.01,138.41,152.83,160.64,167.54,178.06,181.46,191.13,192.52,196.66,196.02,201.36,200.20,197.71,195.36,199.48,196.23,199.45,196.57,201.64,203.82,206.55,211.53,218.56,224.40,230.87,239.01,239.73,247.49,248.29,251.15,249.60,253.31,253.40,250.13,250.19,247.84,246.60,244.46,241.00,238.45,230.00,226.68,218.87,215.23,202.63,192.02,180.74,171.48,159.62,145.26,129.12
131.24,143.61,155.22,162.48,168.67,176.28,178.55,182.02,185.15,187.77,185.91,188.15,187.13,183.61,180.35,184.36,183.66,184.36,184.39,186.17,185.07,189.13,192.09,196.88,202.41,208.00,215.14,214.22,217.69,218.56,220.02,221.69,219.67,222.65,217.75,217.49,215.76,210.87,206.81,205.66,203.07,195.24,192.01,184.61,181.73,170.32,163.95,154.18,144.63,136.82,123.94,109.84
137.20,148.72,157.71,161.60,168.77,175.80,177.81,175.57,177.10,175.11,175.03,177.55,176.66,177.73,175.24,173.85,177.72,181.33,181.53,184.36,193.99,192.60,200.00,207.85,213.85,219.10,234.36,235.44,242.50,244.40,247.25,248.65,248.97,254.02,248.36,246.66,246.59,242.62,239.97,235.85,233.50,228.42,220.86,217.28,209.98,199.60,191.94,181.23,170.08,161.06,146.17,132.88
122.38,134.13,143.96,145.65,151.43,156.98,159.35,156.71,158.48,158.15,157.80,162.63,161.60,163.62,162.82,164.12,171.61,175.82,181.01,183.21,195.00,199.70,207.87,216.67,226.34,231.62,249.02,253.27,260.45,263.43,265.96,266.18,269.22,275.35,270.80,270.60,270.04,265.65,263.40,260.02,258.81,252.23,245.46,239.83,231.19,219.67,211.93,200.53,187.78,176.82,159.25,145.03
117.32,129.42,134.08,142.43,148.48,156.40,161.53,163.23,164.47,164.77,170.75,170.42,173.00,175.76,181.79,180.42,187.32,191.27,195.56,200.14,210.61,214.77,226.55,232.70,241.28,248.01,265.20,267.20,270.13,273.43,275.94,275.18,280.03,280.44,276.48,276.24,271.43,273.79,269.08,265.68,259.38,256.05,247.35,242.10,237.02,222.25,215.41,200.69,190.16,176.47,161.25,144.31
132.20,143.29,152.31,158.82,162.11,167.60,171.97,171.27,169.04,169.73,169.18,169.50,168.96,170.42,172.03,172.71,178.33,178.31,183.10,189.49,198.50,203.97,213.06,222.65,228.04,234.83,251.32,252.96,257.84,259.76,261.93,260.80,261.77,261.62,257.85,257.41,252.12,248.85,247.27,245.98,237.60,231.40,225.38,219.83,213.22,200.63,193.19,181.96,172.26,158.68,145.80,130.86
142.00,153.57,160.16,168.69,174.45,181.28,184.46,185.92,183.86,184.40,183.47,181.62,178.06,176.77,174.38,177.71,176.57,179.71,180.50,186.21,189.76,196.16,204.47,208.58,218.06,223.61,235.17,233.95,238.14,240.03,237.88,237.74,238.58,241.24,235.32,231.63,228.06,224.22,222.09,215.19,211.65,206.19,197.52,192.28,187.20,176.82,168.61,159.67,147.12,136.19,127.62,111.31
143.22,155.87,162.27,171.35,177.20,182.41,184.63,185.54,183.13,186.43,185.40,186.49,185.31,186.04,183.37,184.62,189.84,192.00,195.39,198.07,204.38,212.42,220.41,228.82,235.59,246.25,256.16,255.89,261.14,263.88,265.00,265.20,265.82,268.34,264.41,262.24,252.34,249.09,246.00,244.18,238.20,230.41,224.09,216.48,212.22,195.49,186.30,174.66,162.11,153.77,138.61,122.77
116.81,127.32,133.26,137.20,144.92,146.34,148.77,147.67,144.10,146.00,147.46,148.92,151.86,154.47,154.35,159.70,164.76,171.42,177.13,185.65,204.35,215.23,229.99,241.51,254.23,261.48,281.60,282.71,291.04,292.62,296.08,294.20,295.00,297.98,293.80,291.32,286.68,284.03,278.10,275.33,269.60,259.28,253.34,246.73,239.04,223.76,213.43,197.85,185.84,173.79,154.74,139.81
90.80,100.02,104.00,111.07,116.30,120.35,121.49,126.06,128.41,133.14,135.83,140.58,143.39,149.77,153.06,161.74,166.48,175.07,184.39,193.71,209.25,221.29,230.00,243.96,252.67,260.97,276.59,276.28,283.55,281.44,284.18,280.30,281.82,281.81,279.55,277.00,268.87,267.42,263.23,258.31,252.72,243.99,236.93,228.55,220.54,206.35,198.67,184.09,173.44,160.38,144.22,127.91
89.49,96.19,103.79,109.71,113.88,117.44,121.02,126.66,128.76,135.62,137.06,140.80,147.14,152.61,157.61,165.32,169.52,181.14,187.48,197.59,214.24,225.14,237.92,250.60,261.00,270.71,288.31,290.37,298.30,296.93,299.60,295.48,297.03,296.63,295.11,292.72,285.39,281.86,276.37,272.01,267.00,255.34,250.69,241.75,232.85,218.36,206.53,192.98,180.89,166.74,148.35,133.81
111.65,120.81,121.26,127.26,130.42,132.74,132.20,131.82,131.59,135.92,133.75,137.64,140.60,141.90,142.68,150.10,159.14,165.34,171.96,178.34,192.28,203.40,214.89,226.43,235.75,247.43,264.17,265.12,272.03,277.03,276.90,273.94,279.90,281.45,280.13,276.98,269.98,264.43,264.25,261.22,255.35,246.79,241.54,235.52,230.31,215.71,207.71,192.51,180.35,170.33,153.72,136.06
148.66,160.65,162.43,168.47,177.26,182.94,184.10,181.02,176.62,177.12,181.11,178.27,179.23,178.97,176.48,179.20,184.74,186.10,191.37,194.82,201.07,210.02,219.11,227.02,236.21,244.81,254.87,258.52,263.82,267.81,267.47,268.56,273.20,273.36,272.97,268.66,266.79,259.49,259.27,257.53,251.86,246.22,239.77,230.98,227.90,214.46,206.19,195.31,178.44,167.92,158.81,139.04
135.56,146.41,152.53,157.89,160.96,164.15,166.39,162.75,162.05,161.79,161.93,160.56,159.03,160.11,159.38,161.45,161.97,165.42,167.00,170.49,176.00,185.92,190.16,200.25,207.18,215.93,228.16,232.80,239.43,238.80,243.81,247.92,254.44,253.87,254.68,254.23,250.72,246.22,248.50,245.90,242.54,237.76,230.17,225.26,223.83,211.02,201.11,192.42,177.13,170.29,158.03,139.30
99.09,106.90,108.37,113.60,114.59,116.36,118.95,116.73,117.69,120.37,120.49,126.32,129.88,130.27,135.09,141.50,150.88,160.46,165.77,173.93,191.18,199.60,212.78,225.02,233.32,245.25,261.22,263.40,270.27,272.59,274.61,274.40,280.06,280.08,279.11,273.40,267.86,264.00,261.52,260.00,255.45,249.10,242.67,234.39,230.59,214.70,205.94,192.63,180.31,169.06,152.80,138.22
72.72,76.61,78.85,81.30,84.65,86.45,86.83,91.05,94.37,100.22,103.97,112.65,122.70,128.66,138.76,152.46,163.89,178.10,184.36,196.25,219.86,232.00,248.21,259.65,269.98,282.19,297.53,296.75,302.83,305.00,303.37,301.90,300.67,299.17,297.64,294.33,284.45,278.30,272.48,267.73,263.05,248.81,241.66,237.69,227.34,219.78,197.20,165.47,173.61,180.80,136.52,123.17
81.54,87.69,87.21,90.80,90.61,91.24,91.44,94.58,95.52,100.98,102.53,108.23,116.39,121.67,127.88,140.17,149.27,159.76,170.70,182.78,204.84,218.28,232.88,245.60,257.57,272.89,290.02,291.92,299.29,299.60,301.94,299.61,301.76,299.96,299.77,294.43,287.89,283.78,278.34,275.05,267.30,254.92,247.70,240.47,232.71,216.67,204.71,191.42,178.55,166.03,148.41,130.74
108.76,114.62,113.76,115.43,119.23,119.97,119.28,114.74,115.73,116.81,119.54,121.83,123.47,127.88,133.03,136.68,144.75,151.33,157.65,164.68,178.07,186.14,197.08,207.15,216.53,225.43,242.17,246.83,254.47,252.72,255.00,255.56,258.31,260.38,254.96,253.51,250.80,247.42,244.59,241.03,234.44,228.78,221.49,216.34,205.29,191.51,183.70,173.08,160.42,147.73,136.62,121.43
131.00,141.85,149.40,154.98,157.03,162.86,164.30,163.88,164.08,164.20,166.00,169.12,170.14,172.66,175.29,181.18,183.31,191.23,198.35,203.93,213.01,221.92,231.85,241.21,248.57,256.16,269.70,270.65,274.37,274.24,277.12,274.43,278.23,280.71,274.87,270.42,268.27,264.20,259.62,256.89,251.05,241.30,235.23,226.61,221.46,208.66,196.58,183.41,174.18,162.25,145.84,131.18
120.60,131.19,134.47,140.58,144.78,146.24,148.19,147.09,146.40,146.69,147.05,149.05,147.41,147.05,149.21,153.59,155.28,160.08,168.65,172.51,181.73,192.26,200.14,208.25,217.80,223.81,232.16,235.79,241.68,239.11,242.21,239.94,237.47,240.67,234.80,233.03,230.23,224.06,221.44,219.15,215.74,210.09,203.44,196.16,190.12,179.07,170.52,161.53,152.76,141.66,128.10,115.43
120.34,128.14,131.85,135.95,143.96,148.17,149.45,146.45,146.25,149.64,155.01,155.96,162.34,165.86,172.59,180.24,183.85,189.04,197.69,206.00,219.82,230.80,237.39,250.60,260.25,266.58,276.74,278.49,282.28,278.06,282.12,276.81,275.00,274.15,267.09,263.64,262.15,255.41,250.88,244.50,240.75,234.67,224.24,216.53,210.77,202.23,190.09,179.33,167.09,155.64,141.17,126.53
105.48,114.00,118.51,121.08,123.00,125.88,127.00,124.31,125.78,124.63,127.28,131.65,134.97,137.30,142.68,151.34,157.69,169.07,181.80,191.66,209.02,223.40,233.38,246.34,257.72,264.61,278.96,281.81,283.24,283.53,284.02,279.65,278.01,277.25,271.04,265.05,262.42,254.52,250.67,245.03,241.57,233.12,226.15,217.27,211.38,197.85,185.81,176.95,165.58,153.44,140.06,123.98
96.88,104.94,107.33,112.45,117.34,119.11,120.02,115.55,116.76,114.55,118.00,117.72,118.68,122.02,129.56,134.06,140.51,149.40,160.63,171.35,188.80,198.50,208.25,218.98,227.11,236.08,246.07,249.87,249.23,251.22,251.10,246.55,244.05,243.48,238.21,234.95,230.76,225.08,221.06,214.95,209.06,204.80,193.98,187.84,184.18,172.53,163.13,152.79,140.87,131.69,119.36,106.89
108.85,119.21,120.88,125.36,132.91,133.54,136.33,129.03,126.66,124.08,127.91,122.64,119.77,118.14,120.51,124.20,127.00,134.54,144.93,151.79,170.88,189.01,198.04,213.02,225.20,237.08,252.51,258.12,262.09,266.12,265.34,263.89,265.32,263.87,260.92,255.80,252.62,246.43,243.02,235.02,230.49,226.74,214.98,207.80,202.78,189.28,180.16,168.05,155.08,141.35,133.00,117.00
118.60,126.59,134.13,136.62,141.42,144.05,146.54,142.86,140.47,138.95,133.54,132.61,126.12,125.00,127.02,130.77,138.92,150.00,159.62,169.50,187.63,199.18,211.04,222.95,234.20,244.24,262.43,264.32,269.62,272.88,275.11,274.63,273.64,275.57,271.67,264.92,263.77,256.76,253.71,251.64,244.20,238.92,227.90,218.98,214.37,199.72,189.28,176.01,164.61,151.63,138.00,121.66
119.52,126.15,130.36,132.41,134.08,134.03,130.27,117.92,108.58,99.36,95.63,82.28,72.03,65.00,61.35,59.03,67.96,79.32,92.28,107.15,139.29,158.03,175.21,189.40,206.60,221.33,247.59,252.52,260.03,266.75,271.67,271.09,278.29,280.40,278.29,276.66,273.48,271.00,270.48,263.43,259.79,257.60,245.97,238.42,231.23,218.55,208.39,195.31,182.00,166.97,153.85,135.72
119.97,127.44,133.03,134.26,134.01,134.03,132.40,119.15,113.78,105.31,101.07,90.97,83.82,77.42,76.55,77.18,82.76,92.28,104.56,116.66,142.87,159.68,174.18,189.59,206.05,220.63,241.21,247.41,257.09,260.02,267.07,267.30,272.17,274.45,270.07,268.03,268.42,261.63,261.22,254.44,252.05,246.74,239.14,230.79,225.85,212.48,201.78,190.51,177.26,164.23,149.64,131.03
97.62,102.42,102.55,103.79,102.11,100.98,96.38,82.07,76.22,69.84,65.39,63.56,60.93,59.93,68.03,79.12,89.29,100.98,115.02,128.41,153.68,169.65,185.85,201.26,212.96,229.11,250.91,253.01,256.40,260.35,264.71,263.61,263.93,265.41,260.55,256.04,252.52,247.39,242.76,238.82,234.97,227.50,217.30,208.40,202.25,188.96,178.47,166.01,155.88,142.89,131.53,116.18
74.43,75.69,79.06,78.41,75.77,73.55,71.45,65.80,65.73,66.84,70.09,77.23,83.49,96.15,108.16,120.21,133.09,149.65,163.69,176.48,200.80,214.40,226.08,239.71,250.89,256.33,274.27,275.53,280.79,276.68,281.04,276.57,272.41,269.76,264.69,259.59,256.27,246.52,243.39,237.40,230.60,223.47,212.71,203.20,194.79,180.94,170.84,157.00,148.00,133.06,122.80,107.56
67.08,68.62,69.32,68.59,63.64,62.77,58.82,54.56,54.92,55.95,60.37,69.64,77.37,88.57,103.17,116.18,131.18,147.20,165.30,177.18,202.16,217.10,230.90,243.17,255.00,264.85,284.04,283.62,286.90,283.80,288.52,282.86,279.12,275.79,270.24,264.17,260.40,252.38,250.06,239.38,234.35,226.43,215.24,205.23,198.11,181.99,169.50,158.55,146.54,132.03,120.83,105.42
68.01,70.23,69.03,65.73,61.68,55.15,49.65,38.28,34.18,31.32,33.96,40.61,49.82,60.88,73.39,89.94,105.42,119.10,137.83,151.16,180.40,196.29,210.20,226.63,240.51,249.55,272.22,272.94,275.75,276.59,277.72,273.22,270.45,270.12,264.09,256.94,252.61,246.01,240.93,232.78,227.56,221.25,208.17,197.31,192.42,176.37,164.60,153.31,141.01,127.58,115.12,101.00
121.67,136.72,148.71,161.55,172.68,186.94,194.55,209.03,215.82,222.10,228.62,234.39,238.54,240.19,242.33,247.68,246.78,252.18,248.02,247.93,231.39,229.89,222.20,212.51,199.32,189.11,160.25,142.72,132.88,116.52,102.83,88.32,61.13,58.69,47.27,39.01,35.01,34.06,34.37,39.05,40.52,41.23,47.17,48.10,56.94,67.07,71.11,75.69,78.92,81.22,81.01,76.84
122.10,136.31,149.24,160.70,173.07,183.17,190.94,207.28,214.22,219.74,229.44,237.01,242.25,243.68,246.59,253.48,253.66,257.56,260.02,258.63,250.01,245.45,242.62,231.91,220.62,211.63,188.13,168.29,156.46,136.52,117.65,101.41,75.19,68.45,59.64,48.80,39.20,35.34,32.02,33.06,32.14,28.64,28.65,26.91,33.42,40.61,42.76,50.00,59.81,69.58,84.91,87.32
136.47,152.54,164.48,175.33,187.47,200.12,207.17,221.06,225.09,230.77,237.65,243.21,250.01,249.90,249.34,255.67,259.42,260.82,262.38,259.39,249.45,248.82,242.87,236.41,228.43,221.00,200.81,183.32,173.29,157.93,145.77,131.03,115.43,109.00,99.40,92.44,87.37,85.48,79.70,79.18,72.01,70.29,64.85,61.19,57.14,52.43,53.41,50.00,53.60,55.76,62.61,75.03
136.57,153.16,165.92,175.07,186.03,195.87,201.69,212.51,218.23,219.02,228.45,231.66,232.69,235.37,233.75,236.48,237.88,238.47,242.59,239.35,229.40,232.36,229.20,224.72,220.74,216.67,204.38,190.59,178.91,171.05,160.85,148.41,134.20,131.21,124.65,118.11,112.36,110.68,105.26,103.08,104.24,98.08,95.00,94.58,92.96,92.11,88.23,83.55,84.65,85.43,80.23,74.43
143.85,160.06,170.84,180.43,193.00,204.46,211.43,220.45,226.15,226.81,234.69,239.18,239.76,242.40,240.43,245.09,243.98,246.11,246.94,246.11,242.26,240.86,237.47,236.21,232.65,224.36,212.08,199.06,189.53,177.34,168.05,156.85,140.09,132.62,123.41,118.88,114.24,107.52,102.46,95.89,97.08,92.78,90.43,85.70,85.02,83.55,81.39,80.22,77.25,74.25,71.47,66.49
150.71,168.24,184.02,194.79,207.17,220.59,227.98,239.10,242.74,247.23,254.05,256.91,260.49,259.94,260.55,263.06,262.05,265.71,265.75,265.51,258.43,260.02,255.07,251.54,245.20,235.42,224.72,207.94,195.01,183.81,171.24,158.49,133.70,125.87,115.43,103.41,99.25,88.65,82.76,77.01,74.03,66.73,62.13,57.27,55.76,52.81,54.04,52.50,52.01,53.85,51.97,51.79
134.85,149.58,161.68,174.11,185.40,196.82,204.47,217.83,223.73,228.23,234.17,239.40,245.80,244.35,245.33,251.29,253.75,256.75,259.88,260.31,253.16,251.81,249.24,243.58,234.01,226.45,198.66,178.06,161.15,142.37,122.33,104.06,65.31,53.04,37.66,30.08,23.26,17.46,17.26,22.02,26.68,26.93,35.23,38.21,41.18,45.04,47.42,46.75,47.54,46.01,45.31,42.43
99.62,101.97,97.35,98.18,96.32,92.40,87.32,72.45,66.49,60.01,56.75,52.92,53.71,54.56,59.67,66.57,77.83,87.97,98.73,108.08,133.41,150.78,168.58,182.99,200.19,220.66,250.89,260.10,271.12,283.02,289.40,290.69,304.02,306.44,304.97,304.53,301.76,297.32,295.62,290.76,285.81,279.57,272.03,261.68,256.43,237.44,228.95,211.85,199.12,182.10,170.04,148.68
109.04,112.77,117.55,114.27,114.77,112.61,106.40,97.02,93.26,85.59,84.17,82.46,80.53,79.32,81.22,87.05,92.70,100.80,110.64,125.80,149.48,168.00,185.13,205.88,222.73,239.44,262.83,269.46,278.31,282.57,286.18,286.23,286.92,289.17,282.14,279.66,276.41,272.72,269.02,263.54,259.42,250.88,243.50,232.25,227.85,209.88,200.42,189.84,175.70,161.98,149.19,132.46
105.77,107.17,107.79,108.17,107.22,107.94,103.25,93.13,90.44,85.98,86.28,84.38,84.43,89.56,94.34,103.45,111.02,121.66,132.40,142.87,165.25,181.69,196.24,209.57,225.74,235.15,255.29,262.12,267.17,268.29,273.25,272.28,274.06,273.65,270.12,266.58,262.56,255.41,252.41,249.56,244.99,238.46,226.50,220.33,216.69,207.62,197.72,188.43,176.64,164.98,154.87,139.52
118.85,132.28,146.54,157.32,165.06,180.06,186.89,202.83,204.35,211.85,215.54,222.89,229.43,228.40,228.55,235.54,236.18,239.73,239.94,238.77,227.64,229.53,228.83,223.27,220.78,215.06,192.82,183.63,180.43,166.33,155.19,145.36,130.36,127.78,119.04,112.36,107.62,107.17,99.81,98.01,94.05,90.82,88.39,82.29,84.59,82.15,80.21,77.62,74.55,72.07,68.82,61.00
113.60,128.27,137.20,149.77,160.64,172.29,180.94,191.32,198.04,204.47,213.34,218.36,222.89,228.71,231.23,238.03,241.06,246.20,250.24,250.59,248.65,253.06,250.34,251.32,248.57,241.13,228.11,218.66,208.12,196.70,189.76,175.33,163.88,158.83,149.84,142.13,138.54,136.72,132.02,127.91,128.08,123.55,120.22,117.83,116.28,117.27,117.11,115.43,108.30,107.42,103.12,93.91
112.07,125.60,133.66,143.22,154.77,165.77,173.76,182.22,187.26,193.04,198.64,200.26,207.12,209.77,213.56,220.51,220.00,225.74,226.92,228.88,230.99,232.74,231.16,233.14,234.80,231.87,222.30,218.08,213.85,203.42,199.61,188.83,179.61,177.77,171.49,166.71,166.74,163.05,162.03,155.59,156.24,151.24,147.36,147.03,143.38,141.42,137.93,132.70,127.41,120.22,111.45,100.66
121.40,139.03,146.81,159.30,171.99,182.61,193.35,200.08,207.51,212.30,220.34,224.18,228.23,233.81,235.36,238.08,241.35,246.68,249.02,251.25,251.53,254.77,254.08,257.87,257.67,252.05,244.81,242.94,237.69,230.50,222.25,217.00,210.10,205.92,200.37,199.10,197.59,196.47,194.08,188.48,188.69,185.61,179.63,176.48,174.54,172.39,168.07,160.65,150.66,143.56,135.09,117.99
110.68,121.49,128.84,135.72,142.24,149.97,155.24,163.22,167.04,173.29,177.71,185.91,188.82,193.61,201.00,206.02,215.26,222.78,230.49,234.94,248.17,254.40,265.14,272.66,278.17,285.18,287.67,284.19,284.41,279.78,272.88,267.92,258.09,251.79,242.39,234.80,222.03,214.37,206.30,197.02,190.26,179.40,171.23,163.68,151.65,137.23,126.67,117.17,109.37,100.28,90.91,80.95
101.32,110.64,115.60,120.07,124.79,133.28,137.90,143.01,146.33,150.84,156.27,161.45,166.37,171.42,178.71,184.50,191.09,200.57,205.01,215.24,229.54,236.70,246.36,255.15,262.97,268.76,273.44,273.15,276.01,268.24,267.44,261.22,253.87,248.16,240.22,233.81,228.56,220.63,215.10,205.97,198.64,189.76,181.66,173.36,165.48,151.99,144.06,131.65,120.60,110.55,101.21,90.80
110.45,117.75,124.46,130.00,134.01,139.52,141.23,144.59,148.66,151.80,154.56,159.00,162.78,165.05,171.09,179.72,187.21,196.06,203.93,211.00,226.26,235.48,247.41,255.02,264.70,273.54,282.45,280.35,281.37,280.48,275.04,271.12,265.84,264.07,256.91,247.95,241.02,233.43,227.62,222.27,215.71,207.15,199.09,190.91,184.56,168.87,157.62,148.60,137.53,126.44,114.06,102.63
119.27,132.23,142.68,153.64,163.77,174.77,182.19,190.96,195.21,196.85,202.16,205.23,207.09,206.17,203.59,205.18,203.49,202.95,199.48,198.28,188.28,184.04,183.96,182.99,181.80,179.94,170.21,162.59,162.44,156.52,152.12,146.39,139.64,142.35,135.93,135.37,136.00,129.29,130.75,129.69,130.11,127.05,123.33,122.71,126.51,127.77,128.44,127.66,123.69,122.15,116.85,107.62
124.47,139.49,146.99,156.34,166.37,177.28,183.17,194.54,198.65,200.57,206.93,209.06,210.46,217.71,216.45,222.58,221.21,224.14,223.95,225.42,223.08,222.04,219.16,218.60,219.02,214.84,197.52,191.93,189.45,177.71,174.65,163.25,151.38,148.61,139.09,141.57,141.32,140.01,136.85,134.95,134.73,134.11,131.03,132.20,136.44,141.01,141.04,140.91,134.33,130.36,126.89,116.71
128.47,142.51,150.28,160.59,171.16,181.22,186.94,194.03,196.86,198.46,206.02,207.18,207.70,210.20,212.21,213.12,213.28,217.44,220.42,219.67,217.83,218.41,220.84,220.95,224.59,219.15,206.21,197.02,194.44,185.32,176.96,167.80,153.08,147.38,140.25,137.38,129.84,125.90,122.98,118.83,117.69,111.22,111.02,112.45,110.28,113.36,113.23,112.61,112.79,112.06,106.21,102.86
62.43,64.78,62.37,62.27,62.97,63.53,66.49,73.50,81.63,88.41,99.74,107.52,118.09,127.91,140.01,152.50,163.77,178.37,190.18,205.30,229.63,242.07,256.86,268.60,281.81,291.21,307.07,308.78,312.55,310.47,311.45,306.57,301.06,298.24,292.66,285.00,279.33,269.98,264.32,256.22,249.04,238.21,227.64,215.86,209.15,188.45,179.01,161.31,147.34,133.36,117.89,103.58
140.86,156.24,167.32,177.25,187.49,198.86,204.56,215.00,218.13,222.73,225.46,231.22,232.17,233.14,234.08,236.38,236.92,238.30,240.10,235.34,233.66,233.38,234.02,231.49,227.61,228.90,219.08,205.57,198.60,191.13,181.32,171.03,158.67,156.71,150.86,143.42,136.57,130.91,127.53,123.32,119.24,110.79,109.20,105.77,103.48,99.82,95.52,94.13,93.47,91.55,87.09,83.02
136.93,153.58,162.25,173.95,182.16,193.31,198.67,208.15,211.99,216.53,220.10,224.54,228.37,230.64,229.39,233.00,233.06,237.00,235.91,235.20,233.08,234.00,235.94,234.02,231.81,230.85,219.25,209.68,205.68,195.23,190.21,180.69,166.33,160.63,156.12,150.42,142.84,137.61,134.10,124.15,122.20,117.80,111.83,105.38,103.81,98.18,94.15,89.63,85.70,82.15,78.64,76.84
98.41,110.94,121.76,126.53,131.24,137.03,138.13,145.99,150.01,147.41,147.12,150.07,146.89,143.96,139.46,136.62,139.28,131.89,131.40,124.28,120.50,120.51,117.07,121.71,129.19,140.63,139.06,138.25,146.39,156.04,160.16,163.47,176.08,181.71,182.07,181.16,178.64,172.19,174.73,167.60,165.50,158.84,151.85,148.95,142.30,130.80,123.13,112.29,109.71,98.73,87.46,78.39
134.20,150.62,160.70,172.05,180.94,193.87,195.72,208.09,209.77,216.02,219.02,222.20,222.61,223.89,219.53,223.21,225.18,224.59,221.44,216.21,206.65,201.07,198.44,191.40,177.09,169.24,157.11,137.38,127.82,114.21,104.40,96.40,82.64,80.62,72.37,68.00,62.24,59.03,55.23,50.00,48.83,43.42,41.11,41.11,35.47,30.08,31.24,32.25,35.11,40.00,39.12,42.49
133.00,149.83,159.30,171.23,181.22,191.65,197.21,206.34,210.10,213.60,216.58,219.79,221.47,223.18,219.48,222.27,224.13,222.79,221.92,217.01,206.21,205.15,198.60,189.64,178.13,170.84,158.81,140.46,130.25,118.14,108.71,96.54,85.07,80.99,75.29,68.54,64.28,61.39,58.83,51.40,52.50,48.26,46.87,45.49,42.19,39.70,40.80,41.23,45.34,49.98,47.38,50.80
118.19,131.61,142.90,155.91,163.60,177.08,182.89,197.57,205.30,210.24,215.18,214.48,213.14,207.65,202.27,192.15,191.04,183.17,182.24,185.02,176.98,172.71,171.98,175.93,173.56,169.20,158.01,142.08,140.93,134.16,124.68,119.92,106.68,102.59,98.48,99.30,98.99,101.21,105.26,104.00,106.73,108.67,111.40,113.16,113.60,114.48,112.61,111.04,110.05,106.00,97.99,89.87
142.21,150.78,151.01,154.95,158.39,162.79,161.64,158.90,159.30,162.29,167.29,170.29,175.85,179.74,185.53,193.20,200.08,209.38,218.00,222.48,233.83,245.10,253.31,262.41,271.44,277.68,284.61,285.43,288.64,286.90,285.01,277.04,267.03,263.75,255.13,250.35,238.66,231.40,222.69,213.94,206.02,195.24,183.41,173.61,164.40,146.10,136.93,124.06,110.69,99.01,86.98,76.53
136.24,146.54,148.50,152.64,156.00,159.77,162.43,159.40,162.11,164.20,169.96,171.21,175.31,180.68,186.30,194.47,198.98,208.02,215.42,224.00,236.32,246.76,253.25,265.81,273.61,280.86,289.55,291.67,294.46,290.41,290.72,285.17,277.22,271.07,260.93,257.60,246.79,238.55,231.29,220.05,211.62,202.20,189.93,180.42,172.88,153.05,144.59,129.42,114.02,104.12,92.59,83.01
145.91,155.42,157.15,157.97,160.08,160.38,159.88,153.77,153.05,151.43,154.69,157.03,157.70,162.25,169.53,174.96,181.02,190.07,195.45,205.24,220.24,231.18,240.65,250.00,261.60,270.75,284.34,287.61,288.30,288.98,288.14,283.43,280.80,275.76,269.02,262.55,254.10,247.97,239.38,228.71,223.23,210.95,200.08,188.90,180.85,162.48,155.94,142.51,129.69,119.10,107.20,96.69
157.00,165.74,166.11,166.41,161.40,162.26,161.45,156.63,152.87,150.22,152.05,150.66,156.25,159.45,166.11,171.02,176.48,187.39,194.45,199.98,218.01,231.89,243.24,255.41,266.51,275.36,291.40,299.74,298.97,301.60,304.26,298.99,297.27,294.00,288.44,281.74,274.34,266.79,261.20,250.69,244.86,233.91,220.34,210.64,201.52,183.44,175.23,160.22,144.28,131.85,121.33,105.19
109.64,123.97,134.85,140.66,150.65,159.06,165.19,171.75,174.32,177.88,180.10,182.32,181.69,182.28,181.11,182.89,178.76,179.98,179.00,178.35,174.00,173.36,172.19,171.98,169.85,165.50,145.17,134.18,130.97,117.60,108.23,95.52,81.74,72.07,65.80,56.36,51.48,47.27,41.63,40.36,38.95,36.40,35.69,36.24,33.42,39.01,41.15,44.60,47.80,49.24,54.08,55.23
119.00,134.12,141.82,153.15,159.40,169.52,176.32,183.88,186.55,190.98,194.73,196.58,197.63,197.25,197.80,199.70,198.16,202.62,199.81,198.25,193.98,191.64,189.16,189.08,178.01,175.09,161.94,148.40,137.19,126.66,112.51,100.32,81.88,73.03,62.65,55.08,50.16,44.28,39.20,34.06,31.38,28.79,30.02,28.44,29.15,35.81,37.12,44.72,48.01,53.15,54.78,58.82
131.24,146.86,156.40,166.40,176.74,186.14,191.82,200.90,204.86,209.35,210.09,213.23,216.37,217.61,218.55,218.05,220.42,222.27,219.24,221.25,218.52,214.74,216.09,212.90,209.67,207.74,189.28,174.48,163.69,150.70,137.08,123.41,94.49,82.86,75.95,65.52,55.23,50.16,46.69,42.19,42.94,43.01,49.40,53.04,59.48,69.77,68.88,71.78,74.06,76.97,77.23,72.73
141.43,159.06,166.60,178.72,189.99,199.28,206.53,216.33,219.99,225.43,225.38,229.58,229.90,232.22,227.31,228.88,231.24,232.22,230.06,227.79,220.41,220.23,216.54,212.36,202.61,195.60,172.80,154.03,137.36,122.41,104.00,86.83,61.85,50.01,40.85,27.80,18.03,9.90,5.39,10.00,17.49,27.86,30.02,36.40,46.32,57.87,61.29,66.19,67.62,68.15,69.23,66.57
128.39,141.28,152.32,161.72,168.47,177.72,185.22,190.38,193.01,197.80,197.95,200.48,202.83,200.21,198.41,200.89,201.41,202.88,202.02,204.32,199.15,199.97,200.73,199.57,195.54,194.01,180.95,167.11,162.27,149.97,140.73,126.76,113.07,105.08,96.04,85.63,77.37,70.60,62.07,52.95,47.76,45.79,41.87,42.52,39.45,43.29,45.71,48.33,48.92,51.00,50.36,51.24
151.20,166.21,176.96,184.74,196.51,204.47,211.63,218.23,221.72,224.74,227.11,229.86,230.36,231.50,229.63,233.01,231.04,232.03,234.39,230.02,225.89,227.90,226.80,223.08,217.41,214.74,195.74,177.55,171.73,155.05,146.44,132.50,115.69,106.94,101.12,91.07,81.91,73.17,65.62,56.86,55.23,53.15,49.41,47.54,45.61,49.03,52.33,51.62,53.67,54.45,57.07,56.04
114.11,125.80,135.83,143.57,150.65,160.55,164.94,173.07,176.82,179.81,183.05,188.22,191.44,192.77,193.66,199.83,197.70,201.25,204.47,205.83,207.66,210.44,212.14,212.61,211.95,213.71,202.67,194.09,190.97,179.34,172.97,163.25,140.86,134.66,123.32,112.61,102.96,94.49,86.61,78.00,75.13,69.18,68.96,67.42,66.60,70.86,71.59,73.25,73.24,72.57,71.31,69.03
107.38,119.57,128.89,135.82,145.60,155.32,159.45,166.88,173.28,176.28,180.01,187.11,189.53,191.78,193.65,199.28,199.81,203.90,208.83,210.23,212.04,216.91,218.30,217.79,221.00,220.13,210.20,202.24,197.25,186.96,179.52,168.61,147.58,136.62,127.28,116.36,105.76,95.69,88.60,78.92,75.17,68.01,66.04,62.97,62.77,65.12,67.23,67.36,67.08,67.36,64.85,62.24
110.07,123.79,134.73,142.30,152.04,162.11,168.58,179.97,183.37,190.54,193.83,199.46,203.50,206.24,209.16,215.36,216.21,223.68,227.78,230.71,233.21,239.47,241.76,243.90,246.00,246.40,240.25,232.55,228.44,220.41,210.76,198.59,185.97,172.97,163.27,153.69,138.71,123.82,114.16,101.71,89.20,78.34,71.18,65.46,58.80,52.84,53.14,51.35,51.35,52.00,48.41,45.79
122.16,137.93,145.50,155.72,168.08,176.01,183.15,194.28,198.04,205.08,209.12,215.76,218.05,220.17,222.04,226.57,228.73,233.12,235.10,243.40,244.05,247.00,251.27,254.02,254.80,254.02,248.48,240.01,238.81,229.40,222.00,211.15,194.18,180.68,164.79,156.59,141.99,124.58,110.49,95.46,77.88,66.48,55.66,44.20,37.12,25.00,17.69,13.04,13.89,13.89,10.20,10.63
132.06,149.25,159.05,169.33,177.87,189.10,197.49,204.36,208.00,214.96,215.72,219.76,223.50,224.22,224.66,228.64,228.97,233.11,236.17,235.85,239.01,239.25,243.29,242.07,240.61,242.63,234.67,225.32,220.27,211.38,197.25,184.17,165.25,150.88,139.39,124.34,111.45,101.39,91.40,83.35,75.95,65.25,63.01,57.45,54.74,49.41,45.65,43.42,43.42,40.46,36.77,33.02
118.21,134.08,140.72,150.59,159.05,167.20,173.57,182.00,183.24,190.00,192.17,197.59,198.91,198.60,199.85,202.00,203.57,209.40,210.72,211.47,213.19,212.40,218.72,222.19,220.51,219.78,211.99,204.48,201.02,187.55,179.34,164.98,147.20,135.16,124.40,115.16,107.63,96.65,91.24,87.66,79.76,74.65,72.42,64.03,64.62,55.47,52.61,50.01,46.87,45.80,40.02,36.35
129.87,140.66,146.17,153.76,158.38,165.32,166.97,165.87,165.95,166.93,165.92,165.89,162.26,161.01,157.69,155.79,155.13,153.55,152.64,150.60,147.12,147.76,150.44,152.96,154.21,159.67,169.36,172.15,179.21,185.81,197.00,201.43,220.06,231.90,237.78,242.00,246.22,246.07,254.20,257.23,256.68,256.58,251.24,251.09,251.21,243.00,240.05,227.56,215.61,202.00,191.86,173.00
135.30,147.08,152.11,160.37,167.19,174.13,176.80,176.14,173.98,177.67,174.64,177.34,175.29,171.99,171.72,170.59,170.00,171.83,171.83,168.75,167.82,172.05,177.01,180.94,185.56,192.26,208.00,210.09,221.38,227.30,237.12,243.30,258.01,266.73,273.79,275.19,278.21,278.16,280.12,281.82,285.70,278.63,278.22,276.70,270.54,265.93,258.24,247.88,235.24,223.18,210.38,188.50
121.63,134.06,139.78,147.61,148.38,155.94,158.05,160.02,159.10,162.41,158.45,162.20,160.82,159.01,158.22,159.29,161.14,164.56,165.68,165.98,171.17,177.05,185.56,192.77,199.97,213.12,231.28,235.54,246.22,252.45,258.71,263.50,274.45,284.02,285.72,285.41,286.92,287.56,290.34,290.77,290.80,285.83,283.30,282.30,277.35,270.90,259.19,247.78,239.60,223.76,206.21,187.11
