75.06,85.70,93.72,104.62,115.52,125.57,134.18,148.35,155.98,161.70,173.63,181.81,187.77,193.96,200.00,210.44,216.61,225.61,231.40,242.12,252.29,260.68,266.70,272.68,274.15,277.02,277.52,273.91,271.97,262.82,259.06,249.61,235.37,224.44,213.02,207.61,198.21,187.88,180.34,169.05,162.25,157.95,147.73,138.31,133.18,125.87,119.51,113.53,104.29,99.86,92.91,84.17
69.57,80.31,86.76,97.08,105.62,116.07,123.17,137.77,146.24,151.21,163.13,167.89,174.90,182.00,187.22,194.62,201.65,210.32,216.45,223.23,234.45,240.83,245.84,251.81,256.01,261.18,261.90,256.52,254.88,249.78,244.99,237.98,229.73,222.85,215.46,208.13,201.91,195.06,188.79,179.00,173.93,168.22,160.07,151.34,146.87,136.52,129.08,123.04,114.95,107.49,99.16,90.09
69.46,79.63,86.98,95.90,104.24,114.86,122.26,136.46,143.10,149.86,160.55,168.32,174.13,179.55,187.00,194.70,201.21,210.61,216.11,223.08,230.15,240.90,243.85,251.81,254.56,257.62,260.10,256.05,254.15,248.13,245.13,237.92,226.45,220.78,214.28,207.99,199.48,193.46,187.11,179.89,175.32,168.39,158.23,149.21,145.80,134.83,129.63,120.03,113.16,105.69,98.31,90.25
68.41,79.40,88.24,96.05,104.20,112.93,122.53,136.34,144.62,150.37,158.82,167.06,173.81,179.01,184.32,193.71,198.98,205.88,214.53,218.75,229.90,238.00,241.96,246.95,250.48,256.70,258.79,252.66,248.77,245.94,239.08,233.00,225.58,221.28,213.49,206.23,200.42,193.26,188.18,181.07,176.00,168.08,161.22,155.08,149.00,139.30,131.67,123.26,116.47,110.68,101.12,90.44
68.82,80.60,86.31,95.72,104.40,113.60,122.41,135.83,144.06,149.63,160.64,166.09,172.82,180.03,186.08,193.40,200.83,206.78,215.08,221.00,231.87,238.76,244.50,250.15,255.44,257.42,259.33,254.04,252.83,246.11,243.66,235.87,225.34,218.93,211.62,204.09,200.44,192.03,188.92,176.98,172.72,165.98,158.15,149.89,144.31,135.00,129.10,119.10,112.25,106.38,98.03,90.69
68.51,78.03,86.58,94.87,103.28,112.81,121.00,135.76,143.78,149.03,159.53,165.56,174.47,178.55,183.81,193.40,198.46,207.97,213.79,218.05,227.61,234.94,240.60,244.92,249.21,255.05,255.78,249.18,248.07,243.02,238.56,233.00,224.63,221.84,212.60,205.06,199.01,190.78,186.27,179.33,176.03,166.21,162.61,153.83,148.49,137.41,131.88,122.92,115.74,108.25,99.72,89.45
70.03,78.77,86.82,97.32,104.80,113.60,123.37,137.87,145.17,150.33,160.46,169.01,175.70,180.68,186.68,193.72,201.88,210.01,218.45,221.62,233.56,240.15,244.53,251.10,255.63,261.54,260.85,254.18,252.66,248.28,244.17,236.13,228.54,223.65,217.08,208.89,202.20,193.83,188.86,183.44,178.94,170.66,163.68,155.26,149.97,140.94,134.35,125.26,118.36,110.39,104.04,92.00
72.50,83.53,91.01,99.57,108.85,119.08,125.73,139.83,147.32,153.08,164.45,171.17,177.61,182.39,188.10,197.12,206.16,212.98,220.49,225.09,235.59,242.99,250.05,252.35,257.31,260.43,261.90,256.85,254.34,246.11,241.91,233.05,221.02,213.64,205.53,196.02,189.23,182.10,175.42,165.60,160.70,153.00,145.50,139.04,134.01,122.00,118.14,111.13,105.00,98.23,90.14,82.38
71.85,80.62,91.41,98.84,109.18,117.83,125.40,139.14,149.81,154.47,163.77,169.59,176.92,182.00,187.62,196.54,206.48,211.52,220.51,224.44,234.34,243.53,248.13,253.78,259.33,264.05,265.13,256.60,253.62,248.77,239.64,231.04,218.93,217.83,205.97,198.04,187.28,181.80,176.11,165.20,161.31,152.20,147.41,137.93,135.96,124.33,119.64,112.27,102.65,100.12,92.46,82.00
65.74,76.94,85.15,94.25,102.61,111.04,120.78,138.66,146.32,152.43,161.62,169.01,176.98,181.81,186.76,196.70,201.97,212.00,218.52,222.40,234.34,243.51,246.98,251.81,254.66,261.46,263.04,256.19,254.92,249.69,244.83,238.52,228.32,225.57,217.04,207.87,200.90,193.66,189.23,178.06,176.82,167.87,161.79,152.12,147.47,135.37,130.36,123.23,115.62,106.79,99.76,89.94
70.68,81.05,88.73,96.77,106.74,115.28,123.22,137.93,144.07,151.65,163.36,168.58,177.29,181.79,188.16,195.53,204.47,212.81,220.91,224.61,235.42,243.38,248.20,254.07,259.47,263.21,263.80,259.43,258.28,252.06,247.07,239.87,229.26,226.43,216.19,209.90,203.92,196.92,190.56,182.02,177.07,169.28,162.25,152.00,148.72,137.01,131.03,123.00,114.35,108.41,101.19,91.48
69.72,78.71,90.05,96.19,104.02,113.55,123.00,138.50,147.41,152.23,161.21,168.31,174.77,180.19,186.45,194.91,201.25,210.02,217.42,222.04,232.08,239.57,245.86,250.05,254.42,260.16,260.50,254.78,254.26,247.63,246.05,239.58,227.53,223.81,215.03,210.44,201.02,195.97,191.98,181.69,175.41,171.03,164.45,156.28,151.29,140.23,134.72,126.18,119.51,111.52,103.85,93.98
70.52,80.45,87.05,95.60,106.61,116.06,124.62,136.21,145.50,151.08,162.79,168.08,175.23,180.85,186.87,194.12,201.19,210.24,217.04,222.85,232.14,240.40,246.68,251.21,255.27,260.38,258.00,256.10,254.48,247.82,246.76,238.76,229.84,223.01,214.89,209.01,202.80,196.79,192.26,179.23,177.28,172.70,162.98,155.57,150.23,139.79,134.00,127.64,118.90,110.68,105.39,95.26
66.13,78.82,86.15,94.87,104.22,113.99,120.51,133.88,142.84,148.43,158.52,164.88,171.61,179.30,183.53,192.78,197.10,206.30,213.06,218.89,228.53,237.86,241.99,246.95,252.46,256.97,256.91,252.88,250.71,243.46,242.25,233.45,223.56,219.32,211.62,205.00,197.13,187.88,185.91,175.93,171.23,165.86,157.28,147.85,144.84,133.30,127.42,120.15,111.61,105.95,98.49,90.27
72.01,81.12,89.02,97.94,106.00,116.11,124.56,139.00,147.73,151.17,161.79,168.86,175.86,181.22,186.97,194.49,203.36,210.11,217.61,223.29,232.82,239.92,248.16,250.70,256.09,259.04,260.68,255.97,253.90,247.49,242.00,235.03,225.00,219.97,211.56,201.56,194.25,186.94,182.00,173.63,168.30,162.41,155.55,148.08,141.77,130.55,124.48,118.00,111.45,103.77,97.75,86.09
71.12,80.62,87.11,97.02,106.89,116.04,124.49,137.38,145.06,152.12,164.18,169.24,176.40,183.41,188.77,197.85,202.77,212.04,218.81,227.04,236.40,243.85,249.47,254.62,259.79,265.04,265.22,259.92,259.92,251.18,248.11,241.99,232.47,227.02,216.00,209.66,206.30,196.09,192.59,179.88,178.04,170.52,159.83,153.31,145.80,137.93,131.31,124.28,115.00,108.72,101.84,92.18
68.62,78.45,86.01,94.87,105.04,114.28,121.63,135.37,143.29,149.19,161.28,167.69,171.74,179.77,187.11,193.69,201.47,207.76,215.68,221.93,231.66,239.63,245.25,251.41,257.08,259.05,259.62,256.16,255.57,246.89,243.40,236.58,225.64,221.11,212.53,205.18,199.20,192.77,186.68,176.95,171.82,165.92,157.21,149.72,143.68,133.18,129.62,120.37,114.00,104.04,100.88,89.84
69.01,78.60,85.80,96.05,104.14,115.26,123.48,136.06,145.12,151.24,160.25,167.54,175.87,178.24,187.26,194.43,200.57,211.30,217.89,222.80,234.03,239.87,247.52,250.41,257.42,260.92,262.25,255.78,256.33,248.57,244.05,236.24,227.55,222.61,213.18,207.42,200.56,193.02,186.60,178.63,174.90,166.98,159.08,149.72,144.01,135.21,128.51,119.85,115.31,106.37,100.18,90.79
74.95,85.38,95.48,103.08,112.58,123.91,131.80,148.52,156.21,162.74,173.36,179.95,188.73,193.04,200.24,208.61,218.05,226.24,233.05,239.71,250.60,258.71,266.11,269.26,276.28,279.41,281.06,276.33,275.05,269.03,262.65,256.55,244.39,238.10,231.39,222.43,216.54,208.46,200.11,191.60,186.94,178.28,170.82,162.25,155.01,144.27,140.06,128.50,122.30,115.11,108.23,96.21
75.61,84.90,93.61,100.60,114.04,125.20,132.14,146.74,155.93,162.61,174.55,180.68,188.73,195.43,203.59,211.69,217.27,224.96,234.18,240.42,252.60,261.97,267.06,273.08,278.16,280.37,282.15,280.92,276.48,268.03,265.66,257.39,245.69,239.71,230.67,223.76,217.81,211.49,205.08,190.28,186.27,180.89,169.99,162.98,156.73,147.67,139.98,130.86,122.26,114.02,109.77,96.80
71.42,81.22,89.44,99.30,110.17,117.46,126.30,140.09,148.01,155.04,165.60,173.44,180.38,185.32,191.67,202.30,207.63,216.09,223.88,230.03,240.68,249.93,253.65,260.89,264.88,269.56,269.26,265.63,264.68,257.30,252.92,244.35,236.23,230.33,220.84,212.51,205.93,197.74,193.19,181.25,179.47,172.00,163.37,154.43,150.27,139.49,133.15,125.64,117.21,108.47,102.61,92.14
74.79,85.38,97.31,104.69,113.89,123.33,134.35,150.08,158.38,165.48,176.17,184.04,192.13,197.96,205.02,213.35,220.68,230.02,237.55,242.94,256.42,265.71,269.31,276.03,281.30,287.39,286.67,280.58,280.13,271.01,267.54,260.72,250.39,245.46,234.34,225.50,219.11,210.64,204.41,194.49,190.12,180.80,175.21,165.46,159.14,146.41,140.19,132.28,124.46,116.73,108.41,98.51
72.20,82.01,89.63,98.68,109.38,118.93,127.01,139.61,150.00,155.32,165.95,172.41,179.77,185.95,192.63,202.31,207.87,217.04,222.40,230.85,240.23,250.46,254.09,259.33,264.12,268.29,269.27,266.54,264.37,255.65,253.03,246.98,235.27,230.87,218.52,214.25,207.62,198.30,193.51,184.14,178.85,172.05,163.20,155.79,150.30,138.00,132.85,125.88,117.15,108.37,104.62,94.70
75.17,86.59,94.24,103.71,114.98,124.48,134.27,147.65,157.05,162.79,175.56,180.80,190.28,196.09,203.20,212.25,219.16,227.17,234.31,241.11,252.40,262.01,269.01,272.25,278.47,281.60,284.63,280.17,277.11,270.00,267.60,259.88,248.46,241.63,233.94,225.55,216.75,211.52,206.73,193.04,190.24,181.69,172.68,165.39,159.66,148.01,140.92,133.65,125.72,114.02,111.02,99.05
72.11,80.96,91.02,99.01,109.55,119.77,127.35,140.43,148.77,154.77,165.19,173.05,181.12,186.78,192.43,201.32,207.30,215.70,223.39,228.06,238.55,247.92,252.49,257.70,263.53,267.92,269.86,263.94,261.73,256.60,252.39,244.75,235.85,230.64,222.93,216.54,208.72,201.40,194.93,189.65,185.22,176.05,168.63,160.33,156.18,144.55,139.18,131.83,123.00,115.21,105.65,96.46
75.06,84.72,91.71,102.24,111.61,122.25,130.25,142.86,151.95,157.63,166.93,175.64,181.39,188.28,196.16,203.92,212.66,218.33,226.74,234.14,243.63,251.47,257.70,262.47,267.47,269.71,270.30,267.54,265.84,257.86,251.85,244.99,235.36,230.00,214.85,211.15,203.35,196.82,191.01,180.88,175.68,169.14,159.25,150.84,147.32,136.93,131.89,123.47,115.55,106.78,103.02,91.27
79.32,89.27,97.02,107.00,115.60,127.28,136.82,152.01,160.43,167.04,176.88,183.36,191.95,196.06,201.68,213.26,219.24,227.55,238.52,243.59,255.20,265.09,268.33,272.81,279.25,284.96,283.78,278.82,276.09,267.32,264.08,254.21,243.53,231.81,225.57,215.41,207.45,196.06,190.71,181.96,178.06,167.20,161.05,151.16,146.17,134.35,129.50,121.40,114.76,108.47,99.62,90.35
72.84,83.67,91.27,101.24,110.68,120.00,130.65,143.28,151.60,156.24,166.34,173.03,180.36,186.39,191.67,201.16,207.17,216.54,224.59,229.86,241.88,248.81,253.87,259.62,264.70,269.43,268.29,265.85,262.18,256.07,246.50,240.56,227.97,220.38,212.71,202.09,193.85,187.22,179.29,171.82,165.37,158.90,150.75,142.34,136.57,127.88,120.57,116.39,110.05,101.04,95.63,84.15
74.25,85.15,94.56,103.39,112.77,122.67,131.58,148.93,156.46,162.83,172.68,182.22,189.75,193.66,200.50,210.04,217.26,229.31,236.17,240.63,251.80,258.12,264.37,270.25,274.56,281.86,283.98,277.12,276.92,271.06,266.70,258.37,249.15,241.83,233.50,226.86,219.66,207.55,205.76,197.45,192.07,178.73,175.70,167.22,159.14,146.49,142.00,130.97,125.16,117.14,108.72,98.31
72.20,83.24,95.19,106.17,113.44,123.17,127.09,142.71,148.86,158.24,165.41,175.14,180.74,184.18,187.86,197.50,206.98,214.16,223.27,227.85,236.18,245.84,250.84,252.48,259.93,263.87,265.71,259.28,256.48,250.42,244.19,233.01,218.63,213.34,202.30,195.11,187.45,179.11,170.43,166.39,160.80,151.95,142.56,136.06,132.00,123.18,117.05,109.88,105.70,98.08,90.43,82.93
74.09,86.70,94.37,103.41,114.74,124.46,133.42,147.61,157.49,163.15,175.11,182.04,188.43,195.80,202.39,212.06,216.60,226.64,234.62,240.35,254.10,261.95,266.01,272.59,276.81,280.68,282.64,279.47,277.04,269.53,267.11,260.10,248.20,240.16,234.34,224.36,218.06,208.80,205.23,193.21,189.01,182.28,172.86,164.01,159.45,146.39,140.04,132.19,122.78,114.63,108.34,97.05
74.33,86.83,94.26,102.96,113.00,124.81,133.96,146.77,155.71,162.89,173.37,181.22,188.04,194.49,200.49,212.46,217.35,226.49,235.38,240.10,252.45,261.05,265.09,272.12,276.80,283.53,282.76,278.93,274.61,268.84,266.32,258.80,245.36,242.32,233.75,224.80,216.63,208.06,204.42,192.72,188.16,179.47,171.74,163.78,157.19,146.77,140.25,131.47,123.98,114.63,106.89,97.08
72.18,83.36,89.90,100.24,114.28,124.40,132.52,147.09,156.68,162.86,174.92,180.35,188.04,194.70,202.20,210.30,219.18,225.00,235.65,239.77,251.28,261.63,267.90,274.36,280.34,280.94,282.09,279.81,275.18,269.14,265.55,256.96,246.91,241.21,232.42,223.49,217.86,210.32,203.97,192.85,186.76,182.36,171.03,164.78,158.32,146.03,142.00,133.15,121.40,114.59,108.66,96.75
77.41,86.95,94.54,102.84,114.02,122.02,133.22,148.19,157.14,163.25,173.22,180.42,187.45,190.41,199.25,206.89,215.86,224.59,233.07,236.17,246.59,257.93,263.59,267.29,274.37,277.43,279.15,276.13,274.17,267.85,259.93,251.10,240.21,236.43,226.77,218.36,209.54,202.61,197.03,186.75,181.29,171.55,165.48,156.29,151.40,139.28,135.68,125.36,119.10,110.26,103.37,93.94
70.41,81.54,87.09,96.01,107.62,116.36,124.62,136.30,145.56,151.35,162.78,168.96,175.45,180.49,187.21,195.49,202.20,208.08,217.80,222.99,234.07,241.85,248.96,252.88,258.44,260.91,260.93,260.16,255.84,250.32,245.86,239.27,229.71,219.89,213.84,206.94,200.41,192.63,188.16,176.23,172.84,167.72,157.81,151.27,144.53,135.06,127.58,121.46,114.34,105.36,100.13,89.89
74.22,86.33,94.26,102.77,113.65,121.51,129.71,145.17,154.78,157.85,169.00,176.82,183.97,188.85,194.62,200.90,213.60,219.91,226.08,233.00,243.53,250.24,258.37,260.50,267.29,271.49,272.39,265.63,262.55,257.07,248.85,239.92,228.41,222.58,210.86,201.65,193.83,183.77,181.02,171.01,167.72,159.31,150.23,143.03,136.01,127.32,121.15,114.06,108.56,102.02,95.96,84.31
69.81,79.23,86.95,93.47,106.21,115.43,120.78,134.71,142.86,149.69,162.41,166.43,173.54,178.19,185.01,193.13,201.44,207.04,214.68,220.48,231.35,238.52,244.61,248.00,254.96,257.67,257.50,255.74,252.79,247.29,241.12,236.28,226.53,218.50,212.95,204.69,198.85,190.68,186.89,175.93,171.64,165.08,155.60,146.77,143.56,134.03,127.58,120.15,110.63,104.00,100.72,89.55
74.67,85.48,95.27,103.37,113.90,123.47,132.38,148.41,156.40,165.41,172.93,181.84,188.73,195.00,201.70,211.29,217.46,229.44,238.11,240.67,252.07,261.64,267.37,271.09,278.03,283.29,284.34,278.15,277.35,270.50,265.35,256.63,246.98,241.98,231.66,223.23,216.69,207.35,199.70,191.43,187.68,178.83,170.46,163.95,156.40,143.18,136.69,128.47,119.75,116.18,107.84,97.95
75.13,84.85,92.76,101.14,111.00,120.25,128.66,142.84,150.08,156.67,168.44,173.05,181.95,187.39,191.51,201.94,208.91,215.93,222.62,228.76,241.81,250.93,254.15,258.03,265.73,269.45,268.27,262.80,259.45,249.51,244.38,235.65,223.66,217.14,204.80,196.73,191.63,181.46,178.31,161.97,160.10,153.69,145.25,137.30,131.85,123.41,119.88,112.38,105.30,98.72,94.11,83.22
74.33,86.12,91.93,101.14,111.02,120.93,128.10,142.13,150.69,155.23,167.26,173.95,182.65,186.21,191.60,199.49,208.93,215.45,223.11,229.87,241.55,249.30,253.54,259.03,265.09,269.62,267.01,262.00,261.23,251.45,246.79,238.21,224.13,218.00,207.18,199.92,191.11,182.69,178.10,165.01,161.64,152.74,145.60,139.71,132.64,124.34,119.34,113.46,106.62,100.28,94.26,83.68
75.64,86.12,94.11,103.25,113.32,125.10,133.09,146.74,156.16,160.56,174.90,179.08,187.42,194.79,200.41,210.15,216.72,224.52,232.01,240.19,250.05,259.86,266.95,271.09,275.73,280.85,280.18,277.50,275.77,267.02,264.28,258.18,247.13,240.15,230.70,223.66,216.67,208.27,203.22,190.91,187.75,180.92,169.54,161.77,157.00,146.54,141.40,131.14,123.17,114.24,106.73,97.08
79.40,91.00,96.51,106.30,117.34,129.07,136.52,150.44,157.38,164.47,176.40,184.45,190.92,195.92,202.74,212.06,218.00,226.42,236.07,241.91,253.65,262.71,268.79,273.72,280.15,282.07,281.51,277.20,275.80,266.66,260.49,250.39,237.08,230.77,218.58,211.37,201.11,192.10,186.34,172.12,169.71,164.56,155.00,145.91,140.41,133.42,126.81,119.44,109.66,103.58,98.68,89.81
65.80,74.33,82.86,91.61,102.31,110.02,120.11,131.49,141.45,149.41,160.11,166.47,173.16,179.94,187.45,194.94,201.82,207.18,215.52,223.58,233.24,241.20,247.12,252.30,258.00,263.47,265.70,260.55,259.56,255.44,253.03,246.27,238.44,235.05,228.08,224.08,218.18,211.08,208.78,200.94,197.87,191.23,184.68,179.07,171.72,161.25,154.99,145.88,136.03,126.75,120.42,107.07
44.18,53.81,59.67,63.91,72.62,77.41,84.10,97.05,100.72,108.05,118.00,125.40,130.51,133.03,138.24,146.17,151.56,156.78,162.61,161.45,167.60,173.00,178.06,178.00,182.48,192.02,194.45,190.82,195.50,196.43,200.38,200.64,207.68,212.53,211.01,211.46,212.25,208.14,212.15,210.32,213.93,207.62,200.19,198.93,193.98,180.88,175.07,163.05,151.43,142.90,132.91,121.49
69.81,79.10,86.28,95.75,106.37,115.52,122.80,135.79,143.39,149.27,161.97,166.88,173.46,179.40,184.88,194.34,200.64,208.27,215.61,223.01,233.46,239.08,246.59,251.33,255.73,259.38,259.62,256.12,256.35,248.68,246.10,237.59,229.11,220.19,213.00,206.04,199.82,191.40,188.00,177.00,173.77,167.15,157.31,150.27,144.50,135.93,129.44,121.70,114.76,103.62,99.86,90.20
69.38,79.40,88.02,95.00,107.21,114.48,124.04,136.18,143.17,149.68,161.25,167.19,174.47,180.62,186.10,194.25,200.96,208.90,217.18,222.20,232.70,241.03,246.35,252.42,256.30,260.46,260.93,255.41,253.71,249.44,244.24,237.12,228.32,221.98,212.60,206.05,199.96,191.76,185.07,179.03,173.82,166.93,159.18,149.93,146.74,134.54,127.02,122.48,113.72,106.07,99.14,89.94
69.31,78.26,88.39,96.02,105.12,114.13,122.19,137.20,145.99,149.01,160.70,167.45,175.00,181.47,186.59,195.06,202.24,211.08,216.45,222.32,234.34,242.00,247.07,249.91,257.26,261.84,260.58,256.90,254.92,249.61,244.00,236.97,227.47,222.14,215.70,206.63,200.77,193.04,188.10,176.71,173.42,165.32,158.78,150.27,145.61,135.45,130.21,121.08,113.95,105.38,100.22,89.16
74.25,83.65,94.64,102.55,111.80,120.83,130.70,146.48,155.80,161.99,170.43,179.85,185.52,192.41,196.50,208.47,214.85,225.27,231.45,236.95,247.81,256.73,261.68,268.02,271.81,278.11,279.22,272.68,271.46,265.00,259.20,253.51,241.98,237.24,228.96,220.86,211.73,205.41,198.31,188.04,184.88,177.56,170.18,159.02,154.81,142.76,138.44,128.13,121.33,113.56,105.00,94.13
74.00,85.00,95.43,103.77,111.89,122.26,130.92,146.87,155.80,160.46,170.56,178.83,186.25,192.05,198.40,206.94,216.82,225.20,232.94,236.43,247.87,256.86,261.82,267.43,272.53,278.49,278.12,273.91,271.67,267.02,259.86,252.30,242.06,237.15,229.43,222.27,213.02,202.63,198.64,191.46,185.97,176.71,169.26,161.52,154.29,143.17,136.19,128.83,122.49,113.07,105.65,95.82
78.82,89.02,95.44,105.62,116.39,125.88,131.46,149.48,155.54,161.82,173.30,180.69,189.59,193.57,197.40,208.21,214.53,225.06,232.72,239.53,249.39,259.75,265.58,269.79,274.24,278.65,276.18,273.50,270.03,262.05,256.70,246.71,233.42,225.94,214.98,206.42,197.03,188.50,183.21,172.19,167.06,159.15,152.82,143.00,139.26,127.12,124.62,116.50,108.17,102.45,97.74,88.14
73.54,85.70,93.23,102.65,113.22,123.47,132.59,145.11,151.24,161.08,172.19,178.06,186.13,192.94,198.09,208.02,214.46,223.66,232.14,237.02,247.89,256.48,262.03,267.71,273.34,276.74,278.35,273.56,271.27,263.44,258.94,251.54,241.21,236.24,227.69,217.50,211.38,203.53,197.43,186.08,182.58,175.00,165.85,158.03,153.40,140.43,135.72,128.41,119.82,111.13,105.22,94.81
79.40,88.29,95.52,104.04,115.43,124.78,133.42,147.87,154.74,162.12,172.31,180.06,186.94,193.04,200.18,209.03,215.24,223.30,231.46,238.25,247.80,258.56,264.09,268.70,276.09,276.72,276.44,271.58,267.37,259.51,253.71,242.43,230.01,222.99,212.42,201.56,195.63,184.79,181.11,167.74,162.54,157.26,146.32,138.60,137.08,128.75,122.43,114.97,108.02,100.32,95.67,86.40
75.29,88.87,94.58,105.08,115.32,123.99,132.97,148.22,157.44,161.94,173.12,179.36,189.08,191.42,199.45,207.76,217.50,222.73,232.16,238.53,251.54,257.28,266.65,268.00,274.93,276.70,275.19,272.15,267.53,259.13,252.24,243.76,232.45,225.61,214.35,204.75,196.89,188.09,182.48,172.46,165.60,160.56,149.97,144.53,138.92,129.29,125.99,117.92,110.07,101.24,97.62,85.49
76.69,85.91,92.97,104.12,111.22,118.12,126.65,143.13,149.20,155.35,164.44,169.64,178.81,185.56,190.94,198.43,203.68,212.90,219.13,225.74,235.32,244.26,246.03,253.03,258.90,263.90,260.65,255.15,251.96,242.99,239.93,230.11,215.00,210.24,198.88,191.94,181.66,173.28,168.60,157.71,153.53,145.89,139.03,131.04,128.47,118.80,115.16,107.02,100.32,95.48,93.05,83.38
73.41,85.44,93.94,102.11,110.48,123.07,130.68,144.73,154.43,159.91,170.39,177.91,185.28,190.98,197.57,208.03,211.98,222.27,231.28,237.41,247.78,257.63,261.74,265.56,273.00,277.72,277.74,271.81,270.54,263.23,259.02,251.01,240.22,234.83,226.93,217.94,210.45,202.20,196.82,188.66,182.63,174.29,164.92,158.22,152.82,141.03,135.77,128.43,119.95,112.29,105.32,94.05
69.08,79.01,84.58,92.66,102.46,112.16,119.44,133.02,140.23,147.36,157.11,163.27,171.47,175.58,181.97,189.50,197.45,204.02,211.29,216.78,228.48,234.48,240.78,244.40,249.58,253.20,254.62,249.95,246.76,241.87,238.81,229.86,221.82,215.62,206.63,199.48,193.13,186.45,182.66,171.14,166.36,161.79,152.32,145.61,138.96,130.25,124.68,117.00,110.11,101.61,97.65,85.09
74.17,84.65,95.19,104.05,113.15,123.45,134.08,150.03,158.43,165.10,174.35,181.52,191.25,196.76,201.24,212.84,220.49,230.65,239.15,241.61,254.28,263.87,269.98,274.20,279.43,285.10,287.14,279.22,278.00,272.38,266.07,256.30,247.98,242.67,233.60,225.01,216.90,208.70,202.98,192.92,188.18,179.74,172.12,164.77,156.44,147.87,139.06,130.38,124.02,115.35,107.04,95.27
75.17,85.80,95.80,104.24,115.85,125.22,135.69,150.66,159.54,166.37,174.98,183.52,192.17,196.70,206.12,214.11,222.87,233.07,238.61,244.95,256.27,266.70,269.00,275.94,280.43,286.63,288.26,281.31,282.85,274.34,267.71,260.68,251.77,246.81,233.32,226.81,220.24,210.64,203.77,195.23,190.39,180.75,174.19,165.03,157.10,145.88,139.82,132.56,126.81,117.80,109.00,96.83
71.85,80.62,91.08,100.00,108.16,116.71,125.26,141.22,149.58,154.98,166.05,171.82,180.43,185.61,189.99,198.73,209.00,216.53,224.38,227.97,240.71,246.91,253.06,258.82,263.80,267.71,269.18,265.18,263.84,256.52,250.07,245.11,235.61,229.65,222.32,214.40,208.60,201.97,195.72,187.67,184.84,176.23,169.14,162.08,156.19,145.12,137.56,130.00,122.64,114.97,107.91,95.02
77.88,87.32,96.33,106.40,114.28,125.57,133.06,149.37,157.62,163.03,173.42,181.14,188.18,194.81,199.45,209.30,216.67,224.90,233.83,239.07,249.82,258.91,263.90,268.39,273.30,277.87,279.03,272.05,273.59,260.28,255.95,246.60,232.80,225.73,212.51,203.50,195.88,187.52,179.40,172.82,167.36,157.66,152.41,144.28,136.08,127.25,123.00,117.05,109.20,101.83,96.13,86.27
77.62,88.36,96.18,107.19,115.02,126.57,133.30,148.19,156.59,161.08,174.77,181.11,189.02,194.12,199.97,209.77,215.26,222.61,230.52,238.30,250.88,258.80,263.05,268.40,273.88,276.88,278.00,272.37,271.94,260.51,257.16,246.42,233.75,224.51,212.08,203.49,198.03,189.06,183.70,169.62,166.05,159.42,151.09,142.58,136.62,127.48,123.03,116.52,108.66,101.07,96.90,87.14
72.53,85.23,93.19,102.12,113.00,121.49,131.73,144.68,154.43,161.15,171.05,178.72,187.38,194.03,198.40,208.93,214.56,222.83,232.36,237.92,250.89,258.49,264.02,268.99,275.50,279.55,278.79,275.12,274.64,265.22,262.41,254.02,243.29,237.24,226.49,220.05,212.31,205.06,197.23,186.49,184.46,175.01,168.43,159.68,154.30,141.09,136.01,128.84,120.15,112.61,104.75,94.92
74.46,83.10,91.20,98.79,111.09,119.44,127.29,139.52,148.60,153.33,166.09,172.24,177.55,185.00,189.97,198.86,206.71,213.05,221.38,227.56,240.16,247.16,251.51,257.78,261.77,263.37,263.54,262.07,258.44,248.76,242.44,237.26,219.86,210.80,202.48,193.87,185.93,177.10,170.58,158.50,152.59,150.23,138.88,133.24,128.43,119.87,116.97,108.30,100.00,94.83,94.02,83.24
76.03,84.31,95.46,102.96,112.54,123.76,132.00,149.40,157.56,163.38,172.45,181.60,190.28,196.22,202.07,211.45,220.60,228.54,237.12,240.65,252.88,260.91,267.71,273.60,277.71,284.69,285.33,277.65,277.72,272.00,264.01,258.27,246.34,241.05,229.65,223.73,213.44,207.20,201.95,189.41,187.10,177.23,168.91,160.43,155.03,142.27,139.04,129.77,121.79,114.04,106.25,96.57
74.52,86.37,94.15,102.55,115.92,124.46,132.38,146.17,158.11,162.41,175.78,181.11,188.66,197.70,203.38,212.21,219.02,225.20,235.08,241.55,255.20,261.49,269.36,275.36,281.26,284.30,286.27,281.90,275.19,268.78,265.19,256.13,246.48,241.34,232.16,223.66,214.67,208.87,203.74,192.13,186.66,181.25,170.70,162.27,155.65,145.91,139.04,132.41,123.88,112.61,107.49,97.74
78.55,89.04,96.13,105.00,116.06,126.13,133.96,147.73,157.81,163.11,174.77,180.25,189.45,195.65,200.77,210.60,217.69,226.74,235.51,239.71,251.41,261.08,266.82,270.01,276.22,278.13,279.55,276.02,270.83,262.52,255.95,245.20,229.68,222.91,209.66,203.50,193.04,184.57,179.03,168.01,162.26,157.31,149.03,138.23,135.69,125.40,120.42,115.43,106.90,101.21,97.00,87.20
75.95,86.35,91.71,100.62,113.22,123.32,130.60,143.35,154.46,159.40,172.53,177.23,185.56,190.98,197.91,208.12,215.80,221.39,231.23,236.33,247.92,259.09,263.60,268.78,274.61,278.35,276.32,275.75,272.35,265.35,261.22,255.67,243.73,235.47,226.18,219.15,211.70,205.18,198.85,186.27,182.16,175.41,165.59,158.90,153.39,140.26,136.31,127.58,119.89,110.37,104.74,95.04
76.42,86.61,93.23,102.11,109.88,119.94,129.47,143.89,149.47,155.33,164.51,172.66,179.18,183.17,186.95,196.11,202.30,212.47,217.51,223.11,233.62,242.10,249.72,252.29,258.05,261.38,262.02,254.68,254.89,245.02,238.05,231.57,216.60,211.74,198.06,188.68,182.95,173.07,168.76,157.94,155.05,143.12,139.09,132.31,127.64,117.10,114.21,106.61,102.20,95.90,87.37,80.78
74.33,83.82,94.03,102.24,111.40,121.04,130.38,146.01,154.78,160.85,170.66,178.90,186.70,191.27,198.67,208.15,216.78,224.52,233.35,238.95,250.68,257.50,264.20,268.37,273.20,279.18,281.33,274.37,273.67,266.61,262.55,253.21,243.42,236.24,226.88,220.84,210.95,202.53,196.62,185.33,183.31,172.51,169.03,157.81,152.09,142.90,134.50,128.36,119.01,114.34,105.55,95.08
68.73,79.31,88.07,95.63,105.00,113.16,121.94,134.24,142.06,149.16,158.03,165.86,172.53,178.54,185.91,193.26,201.02,207.53,214.41,219.54,229.02,237.93,241.85,248.76,254.44,258.80,258.38,254.57,252.72,245.88,241.87,236.23,225.62,221.20,212.92,207.24,200.35,193.00,188.96,179.08,175.82,170.08,161.81,152.64,147.80,137.32,131.76,125.00,118.46,110.14,104.29,92.31
73.25,82.38,89.54,96.57,107.30,115.43,122.45,136.33,145.25,151.65,163.49,167.43,174.73,181.14,186.80,194.31,203.09,207.79,216.32,222.74,234.36,241.46,249.26,253.58,257.26,259.28,259.62,257.15,254.66,247.63,242.55,235.36,225.89,216.13,208.01,203.03,195.56,186.96,182.22,171.84,164.84,160.43,150.34,145.36,140.29,129.81,124.28,118.00,108.00,103.00,98.23,88.77
70.41,80.23,86.27,95.08,106.33,114.06,121.33,135.99,144.59,149.84,160.22,166.97,174.03,179.43,186.78,194.73,201.30,207.41,216.61,222.73,235.13,240.01,247.00,252.54,257.08,261.16,262.94,258.33,254.48,249.38,247.17,238.20,228.40,220.06,212.56,205.83,201.14,193.33,187.11,175.51,171.90,164.76,155.65,147.87,145.56,133.87,128.89,119.77,113.16,105.02,100.96,88.02
68.26,78.77,87.05,95.63,102.24,113.60,121.26,135.45,142.21,150.07,156.60,165.11,172.41,176.78,183.98,191.26,199.54,208.83,214.46,219.35,227.71,236.92,242.05,247.08,252.83,258.15,258.00,252.93,253.29,246.42,241.83,234.62,223.83,220.29,212.28,206.40,198.84,191.65,187.13,179.23,175.41,167.94,162.25,154.00,148.17,136.53,130.92,123.11,116.62,110.07,102.88,92.66
79.06,89.31,96.05,105.57,114.04,125.16,135.09,147.31,156.19,162.11,173.14,179.48,188.47,192.42,200.21,209.30,217.35,222.64,232.59,239.89,250.88,258.94,266.48,271.45,277.65,279.69,277.65,275.00,271.22,264.68,259.12,247.25,235.72,225.85,216.02,205.76,198.83,190.22,183.81,170.16,164.76,157.43,150.66,142.30,137.12,129.29,123.17,116.08,109.07,101.19,97.00,86.76
73.93,84.40,94.37,102.42,111.77,121.49,130.61,147.67,154.01,160.44,170.58,178.90,186.81,192.23,199.25,208.09,217.08,226.21,232.02,239.53,249.04,258.79,264.00,271.18,275.73,279.25,279.66,274.65,277.24,267.86,264.32,255.92,244.20,240.28,230.93,222.73,215.60,206.89,202.30,190.60,184.57,176.28,167.59,160.72,155.86,143.54,138.25,131.61,121.43,114.44,107.56,94.76
77.52,89.94,97.74,106.98,116.00,125.59,134.18,149.91,158.71,164.20,174.73,182.06,187.42,195.02,202.16,210.11,217.88,227.11,236.18,241.07,251.67,261.03,268.46,272.21,278.89,282.68,282.02,276.59,271.97,266.69,260.65,249.26,237.44,231.40,218.56,211.53,200.55,191.80,185.61,173.67,169.30,159.54,152.75,144.59,139.27,131.10,123.76,117.39,111.16,102.46,97.67,89.05
79.76,90.80,97.84,106.45,118.11,126.87,135.83,149.34,157.80,164.92,174.27,181.73,187.24,194.99,203.44,211.81,219.11,227.63,234.97,241.23,252.35,263.50,267.92,273.89,280.64,281.55,282.18,276.80,273.79,265.21,263.80,250.39,237.86,230.34,218.51,212.08,202.56,192.57,183.41,176.23,168.34,162.63,153.52,144.17,139.79,131.53,124.49,117.00,108.30,101.77,100.12,89.07
79.40,88.57,95.88,104.69,115.57,124.58,133.75,147.43,155.72,163.68,175.79,180.10,187.49,193.74,200.69,208.34,218.55,224.96,234.08,239.89,254.21,260.46,267.03,270.41,277.04,279.96,279.02,276.03,270.56,265.18,258.60,251.44,235.48,228.66,218.77,209.32,200.66,191.64,186.04,173.67,167.43,162.25,154.05,146.99,142.67,130.25,125.57,117.72,110.60,102.08,100.12,89.20
76.69,88.48,98.08,108.56,118.07,129.14,134.62,149.34,155.08,160.15,171.84,179.25,187.24,193.66,198.86,206.61,216.59,225.69,234.57,238.03,249.62,257.63,264.37,270.05,273.99,280.23,278.50,273.91,271.23,264.98,257.47,248.22,232.36,227.30,215.68,207.15,198.50,188.69,182.10,171.01,165.53,157.62,150.34,142.23,138.29,127.01,122.59,116.21,107.70,102.18,94.76,85.00
70.18,78.23,88.24,94.92,105.00,115.21,122.04,135.52,145.25,150.23,159.48,167.72,175.07,179.89,185.81,194.43,201.09,210.98,216.91,222.73,232.33,239.85,246.90,251.54,255.21,261.84,262.77,257.11,256.12,249.20,243.77,237.76,226.18,223.26,213.85,205.77,199.32,190.51,185.95,177.00,172.28,163.08,158.03,149.38,143.89,132.56,128.08,121.82,113.11,104.85,99.62,90.44
74.15,85.62,92.80,101.60,111.80,122.87,130.14,145.91,153.64,161.14,170.60,178.76,184.23,191.55,199.15,206.46,215.70,225.16,233.00,238.03,248.16,258.50,264.41,268.00,272.00,278.74,279.69,274.55,273.79,265.05,261.64,252.77,242.25,239.24,227.97,220.79,213.41,205.02,199.06,190.54,183.88,175.05,168.05,160.12,153.79,142.21,137.30,129.96,121.20,113.22,106.53,96.01
73.50,82.98,93.26,101.36,110.46,120.93,128.32,144.10,154.21,160.03,170.88,176.21,184.88,191.45,194.44,205.16,213.22,221.16,232.17,236.07,248.16,255.05,261.31,266.72,271.59,278.35,278.78,273.48,271.19,265.93,259.28,251.75,241.23,236.66,229.89,219.92,212.85,202.41,198.73,186.95,182.85,174.01,166.01,156.52,152.74,139.86,135.37,127.35,120.35,112.71,105.12,93.06
72.95,83.01,93.65,102.42,111.36,120.93,130.61,145.34,154.29,160.31,170.34,177.65,186.01,191.15,196.74,205.55,216.04,223.60,231.23,235.14,249.37,256.46,264.52,267.56,272.81,279.40,280.50,275.51,272.81,265.07,258.99,253.34,243.48,236.81,230.00,219.83,213.04,203.25,195.97,188.22,183.73,175.93,166.64,159.33,153.31,141.16,138.31,128.69,120.49,114.76,104.69,95.04
75.82,86.59,93.11,100.50,114.11,122.44,129.81,145.58,153.06,160.55,172.70,179.03,186.10,194.74,200.11,209.34,216.01,223.14,233.45,236.91,251.45,258.31,266.54,271.36,276.01,279.33,280.94,276.74,274.25,268.34,265.24,255.39,246.66,237.74,230.59,220.54,214.34,204.66,199.21,190.32,184.17,177.92,168.51,161.32,155.47,141.82,136.30,129.32,121.08,113.03,107.06,96.13
74.30,83.65,94.34,104.20,111.66,123.00,130.82,146.56,156.27,161.53,170.21,180.32,187.97,194.79,201.53,209.89,216.83,227.07,233.43,239.28,251.53,260.74,265.97,270.93,275.63,282.00,284.48,276.44,276.88,270.60,265.75,256.35,244.60,240.79,229.05,222.77,214.98,207.35,199.49,191.70,188.07,176.37,170.21,162.00,155.68,141.35,138.65,129.00,123.15,114.28,104.75,94.11
69.46,78.00,88.51,96.18,104.17,113.44,124.33,136.34,145.26,150.12,160.55,167.86,174.39,179.42,185.61,193.06,201.79,211.19,216.18,220.42,232.72,239.08,245.52,250.42,255.84,260.57,263.60,256.53,255.67,250.19,243.46,236.17,226.88,225.62,217.15,207.62,200.09,193.51,189.41,181.22,177.79,169.96,164.01,153.88,148.95,137.38,133.22,123.69,117.20,112.06,103.00,91.81
69.63,79.48,86.84,96.08,105.82,114.95,122.49,135.77,143.27,149.46,160.46,165.39,173.76,180.61,185.95,193.85,200.96,207.80,214.46,220.63,232.08,239.93,246.36,251.02,255.00,256.88,259.33,255.65,254.83,247.87,244.09,237.43,227.32,223.03,214.71,207.15,200.66,194.36,189.00,181.11,175.64,171.00,162.25,153.95,149.16,139.09,132.64,124.63,118.60,110.86,102.94,93.34
78.75,87.80,97.00,106.25,115.13,124.62,132.20,149.89,157.88,164.76,174.77,180.45,188.22,194.20,198.43,208.15,217.80,226.07,233.03,239.10,249.90,259.79,265.83,267.44,274.03,280.68,279.16,276.52,272.90,265.11,256.81,249.45,233.91,226.88,216.00,205.27,199.18,189.02,182.32,173.22,167.28,157.08,150.90,141.87,138.51,126.44,124.33,116.73,109.18,102.53,97.42,85.98
82.15,89.20,97.45,103.73,112.81,122.33,132.77,148.52,156.44,164.12,174.23,182.39,189.16,195.02,198.86,208.71,219.00,224.76,234.01,237.06,250.00,258.12,264.37,268.75,274.36,280.22,277.24,272.52,268.00,261.66,252.20,241.88,227.37,219.66,210.35,198.91,189.45,180.28,173.10,165.56,159.15,150.88,144.18,136.88,131.55,121.75,115.52,109.20,105.12,97.62,92.13,83.19
73.50,86.98,96.02,104.02,115.11,123.13,131.22,145.34,153.79,159.62,171.24,177.00,185.15,192.59,198.00,208.00,215.70,223.99,231.04,238.32,249.73,258.12,264.01,267.27,274.14,278.04,280.23,275.07,275.43,267.42,262.99,254.02,246.74,239.44,229.90,223.61,215.24,205.23,200.32,192.31,185.08,178.04,169.20,160.22,154.72,143.14,138.19,130.00,121.10,114.83,106.89,96.14
78.59,91.08,96.05,104.58,114.97,125.64,134.06,147.67,156.05,161.53,173.74,180.18,186.50,192.48,199.64,207.15,215.64,223.52,230.85,236.46,248.62,257.39,266.53,270.72,276.59,281.37,278.66,275.00,268.78,262.76,255.84,247.32,234.16,224.75,215.20,204.09,196.74,186.94,181.14,170.14,163.13,159.30,149.01,139.43,136.95,126.25,122.54,115.28,108.60,100.90,96.05,85.70
77.88,87.92,97.01,105.17,115.25,124.34,134.08,148.66,154.56,161.94,172.45,179.32,188.52,191.69,196.87,205.68,215.46,226.12,233.57,238.61,248.04,257.05,264.46,268.96,274.22,279.33,277.87,274.40,270.62,265.73,257.10,248.02,232.28,223.90,215.13,207.89,197.44,187.36,178.33,169.45,163.87,156.03,150.34,140.53,137.30,125.90,121.64,115.85,109.12,100.17,95.85,86.61
77.39,88.57,96.61,105.85,113.60,124.33,132.97,148.40,157.08,161.61,173.35,180.71,188.01,191.89,197.21,208.17,217.31,225.61,231.81,239.28,249.82,256.63,266.63,268.97,276.52,281.26,281.26,272.80,271.22,264.33,257.50,247.81,237.23,227.56,217.47,207.76,198.67,188.30,183.01,172.31,168.36,158.53,151.40,145.42,139.44,127.78,123.97,115.32,109.20,102.83,97.51,87.71
73.93,84.91,93.05,100.80,112.01,122.02,130.14,144.56,154.46,159.14,170.07,176.67,185.17,192.02,198.46,207.01,215.29,223.19,230.43,235.53,248.16,255.41,264.08,268.00,274.13,277.75,279.12,274.61,272.39,265.19,260.75,254.53,243.53,237.26,228.64,218.87,214.11,205.12,199.74,188.31,185.60,176.82,168.19,159.20,154.01,141.32,138.92,130.60,121.56,111.66,106.83,96.02
76.69,88.68,97.17,106.61,115.35,126.57,134.79,151.40,157.80,163.77,175.33,182.98,191.02,195.60,200.84,211.25,220.05,227.86,237.93,240.92,252.05,263.01,269.30,275.70,279.21,284.69,284.96,278.65,275.07,268.68,261.23,253.01,238.92,233.55,220.95,211.01,201.36,191.13,186.30,174.55,169.65,162.61,155.94,145.67,141.16,129.40,126.38,117.72,111.20,103.94,99.16,89.05
74.95,84.10,94.20,103.12,113.76,124.52,131.69,146.01,155.63,161.01,173.35,179.14,187.66,193.38,200.09,211.15,216.60,225.08,233.01,241.54,253.22,262.99,267.90,274.61,280.07,284.59,284.41,279.20,278.82,272.24,268.00,259.72,250.06,242.39,232.33,224.41,218.56,212.91,205.73,191.85,188.81,181.69,171.84,163.75,157.19,147.14,142.62,132.57,124.00,117.32,107.56,97.80
76.94,87.46,96.02,106.33,113.65,124.06,132.74,148.12,155.18,161.82,172.54,179.78,188.52,193.31,199.38,209.23,215.04,223.99,233.53,238.65,250.53,260.84,265.51,268.81,273.65,281.81,281.28,275.26,272.36,264.97,258.64,249.97,237.77,229.96,220.24,207.39,202.14,194.25,187.49,174.47,170.01,164.60,155.33,148.10,140.39,133.36,126.19,119.10,112.45,104.92,99.20,90.27
73.25,84.38,93.54,100.65,110.45,120.00,130.74,145.10,154.40,160.33,169.71,177.54,186.01,191.69,198.64,207.85,215.19,223.01,233.06,236.44,248.89,258.52,264.57,268.17,274.88,279.66,283.35,275.94,274.81,269.24,261.23,257.09,243.40,240.97,233.03,221.42,215.98,208.74,201.85,193.85,187.21,179.45,173.35,162.61,157.69,144.40,139.29,130.25,124.78,115.97,108.30,97.29
73.01,84.96,92.35,101.60,110.28,122.61,129.76,143.89,153.22,159.77,170.50,178.44,186.20,190.71,198.02,208.46,213.93,222.35,230.59,238.90,248.07,258.57,261.61,270.12,273.98,281.52,283.13,275.73,274.78,267.30,264.44,255.73,244.36,238.92,232.12,224.21,216.79,208.41,202.07,193.35,188.16,179.20,171.05,164.20,157.55,145.17,141.20,130.67,124.31,115.52,109.22,97.17
72.92,83.02,92.97,101.41,110.94,120.07,130.27,145.09,154.38,160.03,169.50,177.80,184.74,191.48,196.16,207.18,216.00,224.12,233.12,237.36,248.48,257.95,263.66,269.54,275.02,281.94,281.58,275.80,275.39,268.89,262.05,255.39,242.89,240.84,231.09,222.65,217.52,206.86,201.94,194.51,188.69,179.63,172.93,165.68,158.82,146.15,139.43,131.65,125.57,114.35,107.82,97.62
77.47,88.81,93.65,102.59,113.53,123.24,131.05,148.31,155.32,161.01,171.84,178.44,188.04,191.56,198.93,208.08,215.52,222.80,233.39,238.42,249.90,258.90,265.02,268.33,275.90,280.88,280.22,275.84,272.01,265.94,257.89,249.42,238.32,230.87,222.72,212.25,205.94,196.06,190.71,178.64,173.59,162.69,155.50,150.42,143.39,133.66,129.63,121.71,114.28,106.40,99.16,89.84
73.98,82.46,92.42,100.70,112.18,119.68,131.03,144.22,153.01,159.42,170.86,178.40,185.59,191.05,197.39,208.12,214.77,224.24,231.97,236.18,247.81,257.13,263.19,268.29,276.21,279.69,279.65,274.65,273.63,267.33,263.23,257.56,244.80,238.14,233.02,222.00,215.20,206.82,200.86,192.21,188.56,179.77,174.07,164.00,156.55,146.45,140.39,131.02,123.86,115.26,108.46,97.08
73.35,84.02,93.62,101.00,110.21,119.36,130.12,145.87,153.56,161.12,170.51,178.40,186.08,192.51,197.73,209.12,214.41,224.64,234.78,236.04,248.89,258.63,263.46,269.48,275.57,280.03,282.39,274.61,274.96,268.29,264.43,255.19,247.70,240.52,235.42,222.43,215.34,206.19,201.97,192.27,189.13,179.43,173.97,162.86,157.03,146.41,138.93,131.24,123.17,114.86,106.37,96.46
72.37,84.60,92.20,100.17,110.65,121.20,127.40,142.43,151.83,159.20,169.01,176.79,183.01,189.42,197.20,205.30,214.46,223.02,229.31,238.03,246.84,255.16,262.55,267.53,273.19,277.20,278.44,274.40,273.21,266.10,263.49,256.46,245.18,238.60,229.14,221.92,215.68,206.90,201.11,192.37,188.32,180.28,172.04,164.45,157.15,146.39,138.40,132.31,124.28,114.21,106.89,98.18
72.84,84.34,93.23,102.42,112.29,122.98,131.03,145.50,153.50,161.05,173.12,179.78,187.22,194.10,201.38,211.05,218.00,224.80,234.06,240.52,252.01,259.94,266.69,273.10,276.54,282.18,282.80,278.87,277.28,269.98,266.60,260.45,248.81,244.24,234.05,225.74,218.68,209.29,206.20,195.56,190.85,183.98,174.03,165.98,160.22,146.77,142.70,135.07,125.00,118.19,111.49,99.04
73.06,85.09,92.20,100.57,113.00,121.64,130.25,143.22,153.10,159.35,170.43,177.29,185.52,192.63,198.49,207.12,214.58,222.18,231.45,236.62,250.45,258.80,263.91,268.11,275.15,279.50,281.20,276.85,272.52,265.07,264.32,257.66,245.67,239.74,231.04,223.46,218.52,209.39,204.35,194.49,187.04,182.54,173.00,162.83,159.41,147.25,141.89,132.03,124.02,116.28,109.12,97.86
73.35,83.35,92.02,103.17,109.66,121.06,131.03,144.84,152.90,159.53,169.17,179.14,186.45,192.05,198.83,206.94,218.44,225.29,232.72,237.93,248.67,259.12,265.14,271.02,275.00,280.13,281.46,277.27,276.83,270.16,265.51,256.81,245.55,241.77,233.98,224.54,217.90,209.31,204.00,195.17,189.56,182.63,174.73,166.76,158.14,146.03,139.18,132.46,125.30,117.69,109.42,98.25
71.87,81.74,92.70,101.27,109.66,120.65,128.04,145.01,153.12,160.31,168.60,177.72,185.21,192.11,197.23,207.41,214.69,224.75,233.21,235.47,246.63,255.54,262.76,267.07,272.98,278.88,280.40,275.38,275.33,267.80,262.38,253.79,245.65,240.67,231.76,223.26,215.37,206.70,201.88,195.39,188.56,180.85,174.32,163.17,157.65,145.04,139.79,129.81,125.26,116.62,107.42,95.90
73.78,83.73,93.30,104.89,112.40,120.00,131.59,145.96,153.05,159.31,171.27,177.55,186.07,191.60,196.60,206.69,216.00,222.85,232.77,237.07,246.98,258.26,261.71,267.58,272.25,277.61,279.18,275.52,274.12,266.84,257.89,249.10,238.21,232.36,223.16,213.59,204.28,195.79,188.52,179.79,175.07,165.08,158.38,149.37,144.81,133.63,126.05,119.85,113.60,104.40,98.35,90.76
71.11,81.84,91.68,100.84,107.94,119.54,127.58,145.60,153.31,159.81,169.05,177.49,185.35,192.11,198.08,207.21,216.10,223.76,230.53,235.76,248.97,257.18,263.40,267.42,274.24,281.26,282.08,275.35,272.36,267.59,262.55,255.83,246.22,242.00,233.86,224.63,218.21,211.14,204.79,195.88,190.12,180.80,174.26,165.60,160.02,146.70,141.41,132.32,123.45,117.39,107.65,96.01
71.57,82.64,90.74,98.18,110.89,119.92,129.03,142.43,152.69,157.89,169.07,177.46,184.10,191.21,198.40,205.51,216.39,220.49,228.02,235.85,247.70,255.20,261.52,267.53,270.98,276.13,277.72,275.31,270.52,265.29,259.77,254.20,244.56,239.79,228.47,220.44,215.06,208.17,201.70,190.39,186.10,181.23,169.54,164.55,159.86,145.91,139.09,129.31,123.33,113.36,108.26,96.15
73.38,82.98,89.94,98.49,110.11,120.20,127.94,143.17,152.05,157.26,171.42,176.23,186.13,190.95,197.62,206.02,213.88,220.77,228.13,235.59,248.20,255.93,262.61,267.37,273.41,276.76,276.51,273.89,272.37,265.29,261.02,254.28,243.74,239.35,229.02,223.03,216.18,209.12,202.41,190.72,186.72,180.69,169.80,163.36,158.40,147.79,140.19,130.94,122.92,112.87,107.35,96.65
71.34,82.39,91.55,99.20,110.05,119.81,126.32,142.30,152.21,159.03,170.31,175.58,184.95,192.33,197.69,207.93,214.00,221.05,229.11,235.61,248.65,255.71,262.98,267.88,273.00,276.99,277.72,274.69,269.98,266.44,261.60,254.94,244.86,238.32,232.42,223.52,216.17,209.03,202.43,191.77,187.13,180.28,172.14,162.75,156.97,145.87,141.04,130.77,123.85,114.21,108.17,96.46
71.18,81.61,90.62,99.82,108.30,118.00,128.79,144.92,153.81,159.18,168.88,177.56,185.53,190.71,195.63,208.04,214.31,222.30,231.45,235.26,248.50,255.76,262.05,266.56,271.25,276.96,278.64,272.95,270.15,267.07,261.74,254.80,243.87,241.03,234.07,223.43,216.09,209.02,203.11,194.58,187.77,179.79,173.14,162.83,157.89,145.65,138.64,130.46,123.85,114.49,107.70,95.02
69.31,80.75,88.14,98.48,108.00,119.36,125.22,143.22,152.97,159.91,170.65,177.79,183.88,190.42,196.98,206.18,213.43,223.18,230.43,237.15,245.10,256.26,261.73,266.09,272.42,276.52,277.35,272.15,272.44,264.85,262.61,254.56,244.17,239.85,228.96,222.25,217.82,206.04,204.36,193.83,186.75,180.31,171.56,162.78,159.11,146.45,141.01,130.70,121.74,116.21,108.07,97.62
69.08,77.88,87.32,96.25,107.91,120.30,127.48,144.67,153.39,159.45,170.77,177.20,184.78,190.25,196.51,205.85,214.13,222.87,230.48,236.54,249.02,258.01,264.11,269.05,273.12,277.51,278.52,273.07,269.07,264.94,259.01,252.17,244.93,241.02,230.63,219.37,215.80,208.34,203.65,193.79,189.76,180.81,174.43,164.54,159.84,145.99,140.43,130.98,122.58,114.00,103.87,95.02
72.25,82.20,89.16,99.40,109.55,119.87,127.88,141.44,150.60,155.71,168.66,175.17,183.20,191.09,195.87,205.57,212.98,220.68,229.00,235.03,246.61,254.03,260.35,265.71,271.55,274.27,273.99,272.52,271.59,264.68,261.90,252.00,243.35,237.36,229.98,222.14,216.47,207.80,204.22,193.00,187.02,182.44,171.84,163.34,157.43,146.45,139.56,131.22,122.43,113.95,107.54,98.18
73.25,84.39,92.23,102.04,109.00,121.10,130.36,145.03,152.64,159.71,170.19,176.67,185.15,190.44,196.64,207.06,213.46,221.61,231.66,236.54,246.86,255.38,262.10,264.30,272.53,276.80,276.46,271.27,267.93,260.77,253.55,245.15,232.17,224.52,212.85,202.27,193.74,184.61,176.47,167.34,159.91,152.80,145.77,138.45,133.54,123.76,117.38,109.66,104.75,98.47,91.00,81.84
75.06,85.44,93.43,101.98,111.54,122.26,132.20,145.78,154.83,161.45,172.53,179.80,186.97,194.05,199.62,210.75,218.05,226.11,234.98,239.24,250.00,260.32,265.36,270.30,276.12,281.43,281.75,276.50,274.21,267.47,259.04,250.59,236.92,226.04,218.52,208.83,199.69,187.52,181.54,171.40,165.52,157.42,149.21,141.66,136.46,125.57,121.33,112.26,107.06,99.62,92.35,83.35
74.63,86.31,93.15,103.86,112.71,123.33,132.26,145.84,154.32,161.92,173.66,179.78,185.69,192.33,200.68,208.75,217.52,224.41,234.14,237.13,250.08,260.35,264.80,272.25,275.64,278.71,277.65,276.35,272.95,265.28,260.16,251.00,237.01,227.27,217.33,208.73,199.36,189.31,183.10,170.21,165.24,158.42,147.98,141.21,133.54,125.57,121.12,113.28,105.11,98.33,92.44,86.28
82.10,92.91,100.66,108.91,118.14,124.78,135.93,151.25,160.98,163.78,174.20,180.94,189.76,194.81,199.90,212.25,217.55,226.11,234.06,241.37,250.51,258.68,265.15,271.40,278.92,279.87,277.03,272.04,266.33,254.88,243.40,228.71,203.50,191.05,176.82,168.12,157.81,148.31,143.18,131.71,126.53,123.00,113.90,111.02,106.48,102.36,95.51,91.44,84.59,81.41,76.16,70.35
76.16,85.09,92.18,102.49,112.61,123.13,131.59,146.10,153.81,160.59,172.41,178.26,187.42,194.25,199.61,209.42,214.76,224.20,232.09,238.76,248.73,258.05,262.61,269.01,272.37,277.02,277.63,274.24,273.31,264.80,262.21,255.20,243.19,236.10,226.93,219.01,213.66,206.20,198.73,187.28,184.71,176.56,168.11,160.15,154.18,143.96,138.46,128.72,119.85,112.72,106.23,96.01
70.52,82.28,90.79,99.61,110.48,116.97,126.10,142.76,150.96,158.67,166.69,174.55,183.31,188.88,195.00,203.65,211.75,219.83,228.04,231.42,243.02,249.91,255.33,261.20,264.71,270.30,271.81,267.88,264.07,259.09,253.80,246.62,234.45,230.49,222.14,211.62,205.29,197.65,190.31,183.17,177.63,166.96,160.98,153.81,148.49,136.30,130.25,122.26,115.60,107.84,101.64,90.69
72.18,85.04,91.39,100.90,108.90,119.64,131.22,143.59,151.99,156.97,167.31,176.38,184.02,189.62,196.04,206.02,212.85,221.58,228.60,233.82,244.76,254.66,258.82,264.22,268.78,273.54,272.40,270.18,267.00,259.54,255.44,247.37,235.72,231.25,221.45,214.28,206.18,197.94,192.26,182.39,177.72,170.58,160.55,151.12,149.38,138.00,130.86,122.67,116.28,107.65,102.69,91.98
74.06,86.40,92.36,102.36,111.87,123.32,132.00,147.09,154.92,161.06,172.35,179.84,188.31,194.88,198.20,209.40,219.87,225.70,232.28,239.44,250.34,259.33,265.85,269.78,273.72,278.03,279.23,274.02,272.36,263.01,261.02,252.01,240.30,239.10,226.05,216.17,209.38,202.20,195.72,185.95,180.81,170.21,163.49,156.35,150.44,139.85,135.06,126.57,118.70,110.42,103.59,92.20
74.00,85.43,93.77,103.37,111.77,123.33,132.38,148.49,156.59,163.22,173.16,181.47,188.04,194.65,200.19,209.54,217.59,226.81,235.47,240.71,250.83,259.42,267.05,270.28,275.07,280.40,280.08,274.09,273.70,266.84,262.72,253.48,241.62,235.64,229.14,218.05,210.28,201.80,195.14,185.95,180.07,170.47,163.23,156.60,149.69,137.20,133.15,125.45,119.00,111.83,101.19,91.40
71.45,78.26,88.64,97.64,107.04,116.76,124.89,141.23,146.75,155.23,162.63,170.52,178.04,185.04,187.92,198.16,205.41,214.70,222.38,228.00,237.47,245.51,252.07,255.26,259.24,265.09,263.43,259.70,257.16,251.92,248.36,239.40,228.25,222.70,215.47,204.57,197.50,189.76,185.06,175.37,170.26,161.61,155.97,147.80,142.35,131.10,126.57,118.53,109.84,103.95,97.02,87.66
74.85,85.70,92.35,101.12,111.52,122.04,128.89,144.62,153.17,159.81,170.75,177.41,186.08,192.35,197.73,208.09,214.67,222.60,230.05,236.92,247.15,253.02,260.22,266.12,271.56,273.24,275.07,270.38,268.32,259.54,257.48,250.32,238.25,229.90,221.05,214.23,206.85,199.25,193.20,179.55,176.47,168.77,161.01,153.47,147.05,137.88,131.00,123.98,114.98,105.99,101.87,89.94
71.84,80.08,86.98,96.67,105.80,115.38,123.31,136.21,145.34,150.33,161.01,167.55,174.80,180.69,186.68,195.35,202.73,209.35,216.39,223.56,233.81,241.13,247.42,253.16,254.66,257.84,258.31,255.35,253.30,243.84,242.84,235.97,223.91,219.34,208.66,200.56,194.86,185.21,182.89,171.33,166.41,160.20,152.12,144.75,139.06,130.78,125.45,115.43,108.91,101.02,96.80,87.14
73.76,83.10,94.53,103.94,112.73,121.82,131.59,146.78,157.80,163.44,173.67,180.71,188.86,195.23,201.20,210.86,217.79,228.98,236.32,240.41,251.80,262.23,266.12,272.66,276.93,281.46,281.60,275.96,273.66,267.32,262.37,254.06,241.00,234.83,224.98,216.30,207.18,197.73,190.21,181.80,176.62,165.42,159.25,151.82,145.80,133.21,126.37,119.77,112.68,107.38,98.35,87.97
74.95,85.87,94.07,102.42,108.34,120.21,128.39,142.30,151.74,157.08,167.54,173.57,181.60,186.70,190.95,200.64,209.02,216.57,224.40,228.21,239.94,246.47,249.39,256.78,259.45,263.19,262.61,260.76,256.04,251.10,244.79,237.45,224.32,218.34,208.74,197.34,189.64,182.22,173.35,165.13,161.84,151.82,146.33,136.78,133.14,123.84,116.21,112.64,104.48,97.42,91.71,81.84
72.80,82.10,89.05,97.62,109.73,118.00,125.88,139.12,147.35,154.21,166.01,170.66,179.64,185.27,192.34,199.86,207.09,215.46,220.95,228.97,238.30,246.01,251.79,257.38,262.16,262.94,264.98,260.66,260.05,252.45,249.99,243.06,230.34,224.95,215.34,211.15,202.41,192.85,188.80,177.12,172.07,166.21,159.31,149.97,144.47,134.06,129.40,120.81,112.61,105.04,100.12,88.07
70.34,80.16,86.98,95.34,105.95,115.11,123.66,137.03,145.77,150.36,162.01,168.76,175.42,182.01,186.94,197.09,202.00,210.00,217.46,223.11,234.93,239.35,247.32,250.20,255.86,258.57,257.42,255.67,252.61,246.36,243.82,232.90,223.89,216.00,209.46,201.46,195.35,187.24,183.24,171.90,167.36,159.48,151.35,142.13,140.13,130.05,124.42,116.40,109.17,102.22,97.08,86.68
67.21,79.83,89.16,97.42,106.30,115.26,124.33,138.95,147.23,152.51,161.90,168.15,177.28,183.47,189.84,197.39,204.94,213.46,220.06,226.38,235.65,242.07,249.06,252.92,258.66,265.31,264.43,257.19,256.30,249.09,245.77,238.25,227.30,223.50,212.41,205.77,197.10,191.64,185.54,177.45,173.67,163.52,159.67,149.48,143.59,132.56,127.44,120.21,112.00,105.00,97.27,87.32
72.84,82.76,91.27,100.04,109.08,118.12,128.25,144.00,151.33,160.03,166.81,175.56,183.05,188.30,192.13,204.08,211.65,220.00,228.97,231.01,242.40,251.85,255.86,260.03,265.86,268.79,269.71,264.68,262.49,256.63,253.81,246.45,234.62,228.24,220.78,210.34,203.18,195.90,189.26,182.48,174.29,168.24,160.95,153.53,147.47,137.00,130.60,120.78,116.10,107.35,97.94,86.35
70.58,82.01,89.50,99.32,108.78,120.31,128.13,141.76,151.92,156.63,167.71,174.38,183.88,190.26,194.26,206.40,211.34,221.11,229.39,234.34,243.81,252.74,258.80,262.67,271.01,273.23,275.62,269.46,268.75,260.77,257.60,252.00,240.62,235.94,228.00,219.86,211.91,204.24,200.20,189.97,186.76,179.45,170.10,162.63,154.16,142.66,139.30,130.30,123.56,113.72,107.91,95.04
70.18,81.41,89.19,97.05,107.19,118.12,125.20,141.03,149.00,156.12,166.14,173.57,179.43,187.43,192.21,203.02,208.74,216.90,225.83,230.72,240.01,248.57,255.47,259.03,261.63,270.14,270.01,266.45,263.69,256.85,254.21,248.02,239.38,233.94,226.01,218.84,211.08,201.21,197.02,186.81,182.78,176.16,168.32,160.59,154.74,142.94,137.10,128.76,119.57,110.37,105.89,95.43
68.88,82.07,88.46,97.08,107.38,118.07,126.49,141.15,150.71,156.60,166.51,173.36,181.73,187.78,193.07,202.07,209.66,216.67,226.74,231.28,242.68,250.87,257.86,262.09,267.35,270.20,272.04,267.66,264.68,259.83,254.64,247.34,237.70,234.17,226.90,216.60,212.00,203.42,198.73,190.09,185.30,178.47,169.58,162.41,156.73,143.68,138.97,128.41,120.80,114.00,106.83,96.77
73.79,83.10,93.15,102.11,113.88,123.41,131.22,147.14,155.79,163.05,173.03,182.83,190.14,196.60,201.88,210.64,217.46,226.63,234.03,240.01,251.98,259.86,266.36,269.61,275.36,280.93,280.06,275.75,275.84,269.13,263.69,256.88,246.83,240.75,230.70,226.65,218.90,210.64,205.36,195.92,190.60,183.85,172.81,166.30,162.23,149.59,141.28,132.70,124.96,115.39,109.04,97.58
72.90,83.02,93.77,104.66,112.54,123.07,133.30,148.12,157.43,163.82,172.01,182.16,189.01,196.01,203.08,212.24,218.58,229.92,236.29,241.81,253.72,261.59,265.38,271.04,275.77,282.77,282.90,276.62,276.33,269.46,265.24,257.61,246.29,243.10,234.36,226.60,218.43,208.73,204.09,197.70,192.21,180.85,175.51,166.05,161.61,150.90,140.94,134.54,126.56,118.44,108.78,97.33
73.66,82.86,91.27,100.65,110.89,119.22,127.39,141.42,149.97,156.39,166.38,174.01,180.62,186.13,191.77,201.72,209.38,217.71,223.44,230.36,237.99,246.45,251.88,256.39,261.64,265.20,264.66,259.92,257.86,250.14,246.07,235.14,224.66,222.20,209.61,201.84,194.74,185.15,180.18,170.79,166.60,158.47,149.47,144.53,138.42,130.60,124.33,115.84,108.71,101.24,95.35,86.53
69.84,81.74,87.86,97.35,106.61,117.72,125.20,139.31,148.11,153.05,164.37,170.47,179.77,185.61,191.90,200.12,209.03,215.06,224.40,228.04,237.45,246.13,251.46,256.48,262.83,263.70,266.01,262.83,260.54,254.64,252.37,242.54,234.33,228.18,220.76,212.53,207.17,197.89,194.25,185.72,181.65,176.83,165.48,157.84,153.39,143.09,137.62,128.14,119.22,110.26,104.24,93.26
74.85,85.62,94.85,104.94,115.84,123.55,132.38,148.00,155.72,162.00,173.67,179.32,188.62,193.66,200.00,207.80,216.92,225.89,231.33,237.05,247.97,255.16,260.72,266.13,269.56,273.00,275.54,272.25,267.53,261.51,253.88,243.82,234.91,228.98,218.22,208.83,202.09,193.55,187.04,174.48,172.63,166.71,158.00,149.25,143.27,133.96,129.54,121.76,113.81,105.02,98.81,89.84
73.11,85.70,93.11,102.96,113.57,123.37,131.40,145.60,155.19,161.64,172.70,179.23,187.41,192.35,201.49,207.55,217.82,223.11,230.33,236.35,248.65,256.85,261.23,268.00,270.82,275.49,275.81,271.69,270.07,263.49,258.54,250.00,240.78,233.81,226.37,218.69,210.24,202.48,197.28,188.22,183.56,176.58,169.01,159.67,154.46,143.40,137.28,127.58,119.64,111.73,106.51,94.70
69.81,81.61,88.60,96.67,107.67,117.18,124.91,140.62,148.56,154.94,166.64,172.75,179.25,184.78,192.28,201.10,209.42,216.09,222.43,229.81,239.01,246.83,252.98,257.77,263.96,265.41,264.70,265.35,261.84,255.70,250.45,244.18,236.14,229.27,222.91,215.03,207.42,201.79,195.32,188.48,181.02,176.92,168.67,159.51,155.12,142.30,135.62,127.61,120.49,110.72,106.40,95.05
72.06,82.37,91.92,101.02,109.55,121.20,129.25,144.06,154.01,159.88,169.28,177.23,185.17,191.01,196.86,205.65,213.10,222.17,229.20,235.77,247.21,253.31,258.50,264.01,269.44,275.14,275.20,270.42,269.24,261.72,258.31,251.18,241.60,237.12,227.01,220.07,214.97,205.78,201.32,192.00,187.98,179.12,171.90,162.56,160.64,146.44,141.41,131.89,123.37,113.76,109.04,96.03
76.54,86.58,95.67,105.26,115.88,125.43,132.06,149.38,156.82,163.67,173.01,180.49,186.68,191.60,196.39,205.55,215.54,221.17,231.22,234.94,247.19,255.01,262.74,266.13,271.89,276.81,276.62,265.10,261.20,254.18,247.49,237.69,220.51,211.09,202.23,188.44,181.62,170.84,160.70,152.01,147.67,140.53,133.73,130.25,123.97,115.36,110.17,103.32,98.98,92.35,87.05,77.47
77.28,87.73,94.87,107.07,114.24,123.66,132.06,148.12,155.01,161.04,172.04,178.00,186.20,190.91,196.25,207.07,211.45,219.54,226.00,233.95,244.76,251.92,259.03,262.69,270.87,274.90,271.95,261.35,260.50,249.80,246.63,236.03,216.94,208.02,198.46,187.11,178.23,168.62,158.94,148.66,144.70,140.21,134.08,127.39,120.80,113.46,110.21,102.31,95.71,89.55,84.29,77.62
69.63,80.23,90.93,101.53,111.33,122.78,129.50,144.10,152.04,156.44,168.29,176.14,182.66,188.32,194.46,201.38,210.77,218.75,224.54,230.63,239.23,250.06,255.84,259.73,264.49,268.79,270.19,263.62,261.47,258.02,251.88,243.53,234.55,230.60,222.32,214.67,207.29,199.46,195.44,186.13,181.69,174.61,169.01,160.08,153.44,141.22,136.62,127.91,119.71,111.36,102.47,93.65
80.01,91.84,98.01,108.81,121.12,129.69,139.46,153.00,163.86,168.36,179.61,186.34,194.05,201.53,206.20,217.61,223.49,231.35,238.37,245.93,257.16,264.80,270.67,275.96,280.85,283.32,281.15,277.75,274.71,267.37,260.76,251.64,237.02,228.53,219.11,207.09,197.97,189.64,184.56,170.29,165.41,157.80,148.41,138.31,135.53,128.06,123.08,112.58,104.62,98.02,94.02,84.40
78.55,91.09,99.30,108.08,118.87,130.38,139.47,154.21,162.93,168.57,179.74,186.30,193.83,199.81,206.24,216.02,220.86,230.08,240.14,245.05,256.44,262.99,269.83,271.00,277.98,282.49,281.75,275.18,273.54,264.32,256.91,248.24,234.52,226.59,217.04,204.36,195.33,186.56,179.88,167.29,163.37,155.88,149.27,137.48,132.55,124.34,118.87,111.13,105.00,98.08,90.45,81.49
79.70,91.40,98.05,109.29,120.70,131.40,139.32,154.04,162.27,169.76,178.47,186.45,194.00,199.29,207.08,215.59,224.24,232.02,239.29,246.61,256.13,264.02,268.96,273.84,280.77,283.32,280.82,275.70,272.79,264.01,259.11,248.24,234.26,225.94,212.35,207.12,198.88,187.38,179.63,170.00,162.86,155.54,147.25,139.01,133.15,123.32,118.07,113.88,104.24,97.45,90.24,83.38
80.06,90.14,99.40,109.24,118.80,129.44,137.79,153.64,160.56,167.59,178.01,184.02,193.66,198.36,203.03,213.38,221.10,229.02,237.01,241.41,252.22,259.75,265.96,269.43,275.95,279.63,277.95,271.53,269.00,262.08,254.62,244.27,230.20,222.20,210.44,203.49,191.91,182.54,177.61,163.99,159.25,152.01,145.12,135.20,131.53,121.83,115.52,108.47,101.86,95.04,89.01,80.50
80.52,92.66,98.84,111.66,119.33,132.20,140.80,155.33,160.44,169.01,179.40,185.37,193.51,200.00,205.88,214.68,222.91,230.14,237.02,243.21,251.41,260.95,264.28,269.27,276.74,277.60,276.46,272.53,269.90,261.96,258.01,247.32,232.73,228.37,217.52,209.25,200.35,193.01,186.12,176.67,169.85,161.55,156.34,144.93,143.25,132.44,126.38,117.46,114.00,100.24,97.31,87.46
81.40,90.14,101.83,111.04,119.60,131.03,140.29,154.78,163.25,169.85,179.61,186.08,194.49,199.90,203.90,212.73,220.74,227.77,237.92,241.88,253.58,259.93,264.37,269.27,275.39,280.26,278.22,270.78,265.64,261.04,254.97,247.65,235.34,227.74,220.00,208.66,200.34,193.05,186.55,176.65,170.45,162.05,155.90,148.27,141.88,131.02,125.20,116.97,110.02,100.45,94.76,86.31
80.41,92.76,100.96,109.64,119.52,128.79,140.52,153.57,163.02,167.26,180.01,186.12,194.20,199.02,204.12,215.08,222.81,227.64,236.78,243.02,253.73,262.41,267.86,270.60,276.63,279.73,278.00,275.28,268.60,263.59,255.67,246.15,231.22,222.99,215.93,203.07,196.17,184.46,177.02,167.45,163.08,152.95,145.91,137.82,133.93,124.62,119.04,110.26,101.40,96.15,89.69,80.02
78.77,90.70,101.87,109.66,119.55,128.14,137.48,152.09,159.86,166.63,176.07,182.94,191.05,196.79,200.49,211.90,218.05,223.89,234.06,238.20,247.68,255.98,259.75,264.28,269.80,272.94,272.81,266.99,262.64,258.03,252.00,244.70,231.49,226.11,217.15,206.31,199.57,189.19,184.25,174.59,168.87,159.25,153.94,144.51,139.90,128.46,122.45,115.73,109.11,101.12,94.24,83.86
80.65,91.71,99.64,106.47,116.76,127.77,136.09,149.83,157.16,162.81,175.76,181.62,188.88,194.54,200.36,209.40,215.59,221.11,230.87,234.96,246.47,251.94,258.07,263.06,265.85,268.23,267.09,266.42,263.41,255.77,251.06,239.43,227.73,219.31,211.63,203.08,194.43,188.35,182.32,171.23,166.07,161.94,149.49,143.06,138.18,128.81,122.26,114.53,107.78,99.50,94.18,84.40
78.09,89.44,97.53,106.07,116.78,126.85,138.24,151.21,157.78,164.13,172.05,178.23,187.56,189.01,197.39,205.18,214.11,223.08,231.22,232.82,243.53,254.47,255.89,260.91,264.02,271.02,266.83,260.78,260.13,254.89,247.07,240.28,226.97,222.80,212.66,202.07,193.75,185.30,180.25,172.88,165.87,158.76,151.82,142.35,137.00,127.82,122.67,112.64,108.05,99.54,92.89,85.28
75.00,86.56,98.86,104.28,115.25,124.00,134.63,150.12,156.42,163.11,173.00,179.60,186.59,190.09,195.90,204.16,213.76,221.14,229.62,230.52,242.99,248.50,257.18,260.22,264.01,269.32,267.68,263.06,258.82,256.07,247.81,242.14,231.01,228.74,220.91,209.09,202.14,194.49,187.18,180.55,176.64,167.73,160.82,153.05,147.80,135.09,130.25,123.48,115.66,108.00,100.12,88.02
80.60,92.66,97.74,109.38,120.37,129.27,138.25,151.40,160.11,166.58,176.50,182.72,191.88,195.90,202.24,212.43,219.79,227.27,233.45,240.39,249.69,258.71,264.76,269.16,273.79,275.43,275.39,271.15,267.92,261.40,254.24,243.51,229.51,221.90,210.89,202.47,194.49,187.11,178.02,166.11,160.70,154.35,145.00,135.64,131.61,124.62,118.07,112.27,104.48,98.01,91.55,80.96
110.68,128.04,140.04,148.05,156.60,167.26,174.94,181.50,186.07,188.83,189.62,193.34,196.01,196.35,198.91,202.79,207.28,215.04,218.05,217.82,226.50,233.57,240.01,248.08,251.64,256.73,258.31,257.16,254.69,258.64,256.11,253.65,252.20,255.21,251.84,249.16,245.82,244.52,242.54,237.61,236.03,229.64,222.41,218.28,211.15,201.36,190.39,178.91,168.19,156.28,143.39,129.03
76.94,86.21,95.27,102.53,113.30,123.15,130.15,144.31,154.01,158.40,169.01,175.38,181.28,188.16,194.13,203.57,209.94,217.10,225.04,229.62,240.47,246.13,252.44,256.48,260.43,266.00,265.66,259.92,259.48,251.08,249.72,241.28,230.08,222.87,217.35,209.86,203.30,197.04,193.31,182.22,177.39,169.61,161.64,155.94,149.66,139.95,131.32,122.92,115.97,108.17,101.97,91.42
77.06,89.16,95.48,105.85,114.07,124.60,133.54,147.51,155.93,160.58,171.94,177.18,183.64,190.07,194.99,205.07,211.53,218.82,226.21,231.24,242.84,250.74,256.63,260.82,265.24,267.90,267.71,261.47,258.99,252.01,247.48,238.30,223.14,214.04,203.98,193.31,185.73,175.64,173.46,160.20,158.93,150.34,142.80,135.98,132.06,120.74,115.97,109.04,103.08,97.20,91.27,80.62
75.00,86.98,94.87,103.73,112.97,123.00,132.88,146.70,152.24,158.81,169.01,175.00,181.89,187.41,191.66,201.04,210.12,216.93,225.86,229.48,238.29,246.62,252.61,256.52,261.55,265.41,264.50,259.38,255.21,251.75,242.16,233.99,218.83,212.71,203.36,193.44,183.07,175.39,169.16,162.25,155.59,146.86,140.55,135.34,129.81,119.89,114.13,106.48,102.30,94.85,88.01,80.06
78.10,89.19,95.21,104.06,114.14,123.37,132.44,145.25,151.98,156.89,168.24,174.90,180.49,188.05,191.64,202.11,207.50,213.46,221.92,225.14,237.54,245.46,249.95,253.41,260.02,260.42,258.12,255.16,253.03,243.53,240.76,232.21,220.49,214.35,204.02,195.35,187.97,180.87,177.37,164.20,161.55,155.63,146.73,142.66,135.37,127.46,122.49,115.21,106.63,99.46,96.17,86.31
76.92,88.26,95.80,106.04,115.38,125.16,134.73,150.37,158.11,163.89,173.40,182.51,188.61,195.06,200.83,211.65,219.33,227.98,233.63,240.01,248.96,259.07,263.18,267.17,273.48,275.22,274.85,271.28,269.16,262.37,259.33,249.45,237.70,235.00,226.21,216.91,211.61,202.27,196.70,189.93,186.17,179.32,170.02,163.42,157.51,144.84,140.01,131.76,122.93,113.27,108.07,97.05
77.62,90.27,100.12,108.78,116.62,127.00,137.44,153.16,161.45,168.12,177.10,184.26,192.28,196.12,202.15,210.24,219.58,229.09,235.64,239.42,251.81,260.41,266.15,269.99,275.75,279.56,278.19,270.60,270.12,260.85,252.98,246.33,231.04,222.15,210.22,200.26,192.43,181.86,177.72,169.61,163.29,153.83,147.30,141.36,135.83,125.80,122.05,113.57,106.61,101.92,91.68,84.15
79.38,91.55,101.02,107.34,120.03,129.07,136.61,151.08,159.66,166.41,176.40,182.44,191.37,197.47,204.75,214.09,220.38,226.93,234.78,239.64,250.14,258.51,265.19,269.42,274.56,277.09,274.80,273.65,268.96,261.60,256.14,245.25,229.84,223.71,213.46,204.62,196.31,187.45,180.51,171.27,166.69,159.20,149.47,143.85,138.76,129.03,123.63,117.05,110.28,102.59,98.35,87.69
80.22,92.28,101.07,109.55,118.85,130.03,138.65,153.44,161.53,169.04,178.84,185.07,193.04,199.72,205.19,213.66,221.84,231.16,239.15,242.26,254.21,262.16,269.86,270.84,276.08,282.46,280.67,273.89,270.19,264.51,257.29,247.69,232.94,227.80,216.00,206.52,197.41,189.36,181.71,172.86,168.62,159.80,152.63,145.50,141.03,129.81,126.12,118.83,113.03,105.11,98.23,86.01
74.30,85.87,95.75,104.24,114.48,125.69,133.79,146.78,157.61,161.94,172.89,181.21,187.30,193.94,200.80,209.62,215.26,224.83,231.25,238.10,249.06,257.30,260.86,267.47,270.71,275.27,274.69,269.36,266.08,257.24,252.73,247.17,232.85,226.17,215.26,207.27,200.10,193.02,188.81,174.93,171.90,163.68,158.62,150.31,145.65,136.56,129.87,123.15,114.81,106.25,98.37,90.43
76.69,88.09,95.41,105.11,115.95,126.51,132.46,149.00,157.62,163.52,173.00,181.04,188.62,194.49,201.26,210.10,217.04,224.96,232.54,238.55,248.65,257.77,261.20,265.81,271.01,275.09,272.09,267.78,266.18,257.58,250.78,244.13,229.84,224.62,213.38,204.06,197.21,190.28,186.12,176.58,170.88,161.91,155.44,147.98,143.18,134.45,129.19,121.30,113.09,105.15,100.84,91.24
75.69,86.31,96.77,104.29,115.21,124.42,133.96,148.19,155.24,163.08,174.07,180.77,187.13,192.77,199.82,208.00,215.08,223.29,231.11,236.24,246.40,254.95,259.06,264.19,268.06,272.84,269.85,265.22,260.93,252.37,248.52,240.07,227.23,218.34,211.01,200.84,192.60,184.09,180.38,171.16,167.15,160.03,152.43,146.11,142.21,130.27,126.57,118.36,111.66,105.00,97.19,90.21
77.37,87.62,94.83,104.17,113.65,124.48,131.59,146.18,151.64,158.32,166.68,175.57,181.64,187.45,190.87,198.48,208.40,213.40,222.41,226.64,237.66,242.54,247.07,249.56,256.53,257.30,256.13,250.86,246.01,238.95,229.53,215.82,200.49,193.13,180.83,172.54,166.02,159.45,153.73,142.61,139.61,132.67,126.91,122.04,117.89,110.48,107.91,101.26,98.84,90.47,86.68,74.32
72.80,82.62,92.54,100.65,108.76,119.10,127.53,143.03,149.38,156.43,164.44,172.19,177.86,184.57,190.34,198.72,206.53,214.11,222.83,225.58,235.10,243.24,247.42,252.07,256.70,261.20,258.96,252.16,250.57,243.71,236.14,225.84,212.60,207.99,196.54,189.45,180.25,171.84,167.72,159.88,155.88,146.11,141.06,135.25,129.81,121.82,115.69,108.67,103.39,97.53,92.35,83.10
72.18,81.79,89.16,99.02,110.00,119.27,126.32,140.46,149.26,154.50,165.47,171.49,178.35,183.74,190.54,198.32,207.00,214.24,220.57,225.49,235.44,243.02,247.02,251.44,257.19,258.63,255.07,255.02,249.88,240.17,235.15,226.06,212.95,203.67,194.28,187.64,177.55,170.84,166.03,158.14,151.08,146.93,139.03,130.38,126.59,120.15,117.64,108.08,104.05,94.85,90.27,82.49
71.40,79.10,90.74,99.01,108.85,119.50,128.10,143.84,152.95,158.78,169.28,177.00,185.61,188.72,195.83,204.02,213.93,222.32,229.84,232.11,241.90,252.07,257.85,259.11,265.38,268.73,268.16,264.09,259.12,255.63,248.21,238.61,231.57,226.99,219.15,209.70,203.11,194.93,189.83,183.85,178.06,170.84,164.44,157.89,152.07,141.51,135.09,127.06,121.49,112.16,105.26,96.05
72.73,83.95,92.63,102.84,111.02,121.08,131.59,147.25,154.03,160.44,171.83,179.01,186.75,192.52,197.03,206.98,215.52,223.23,231.46,236.35,247.20,253.82,257.77,261.19,266.99,270.14,266.55,260.22,257.13,248.62,242.99,232.36,217.14,209.99,202.00,192.31,183.10,174.83,170.58,158.76,155.21,151.60,144.63,136.03,133.84,125.10,119.42,111.65,107.07,99.86,92.20,84.53
72.01,82.37,90.67,100.66,110.86,120.50,128.55,142.76,151.16,159.15,168.24,176.88,185.17,188.61,195.45,203.80,214.40,219.54,227.55,230.22,240.63,248.49,253.84,257.82,262.41,263.91,264.34,257.15,254.69,244.88,238.16,229.92,217.12,211.62,204.42,195.21,187.39,179.78,175.10,167.94,162.11,156.08,148.95,142.23,137.06,129.36,124.95,118.09,112.45,103.75,98.11,87.69
72.44,82.68,90.74,98.62,108.16,119.67,127.12,141.55,148.52,154.87,167.03,173.22,181.89,185.16,192.04,201.16,208.66,217.64,225.00,228.23,237.01,247.07,249.02,252.46,257.50,260.09,260.40,252.76,250.39,244.14,238.01,227.20,216.76,211.63,202.43,195.60,186.75,178.68,174.73,167.53,162.59,155.33,149.79,143.38,140.46,130.38,124.31,115.80,111.13,103.82,95.34,86.53
71.31,80.99,88.81,98.05,108.41,118.51,125.90,139.28,148.30,153.72,167.93,171.96,181.02,185.32,190.94,199.42,206.65,212.55,220.84,226.92,236.89,243.82,248.13,253.39,255.31,255.89,256.01,251.20,245.80,239.53,236.48,227.04,216.67,209.25,199.90,192.35,185.88,178.81,174.96,165.32,162.60,156.11,149.21,142.35,138.24,130.03,123.71,119.01,112.45,101.86,98.06,87.73
64.51,73.44,82.49,91.02,99.46,109.14,115.60,129.26,134.85,142.41,152.46,156.70,165.89,170.89,176.12,182.78,189.45,196.42,203.67,207.37,214.85,224.11,226.75,226.57,233.45,238.10,232.22,228.18,224.16,216.00,211.12,203.08,190.18,185.69,178.76,170.65,166.14,159.66,156.70,148.35,145.87,137.64,133.45,128.35,123.43,115.21,109.57,104.35,100.42,93.56,87.20,76.92
74.09,83.22,92.65,101.02,109.60,121.71,129.29,143.68,152.82,158.45,166.74,176.14,180.47,186.43,193.31,201.82,209.88,219.18,226.29,230.00,237.93,246.61,250.60,252.92,259.30,265.37,260.89,254.07,253.81,248.13,243.25,231.78,221.58,217.28,208.29,200.61,191.77,184.61,181.60,175.28,171.17,162.81,160.37,149.86,147.50,139.27,131.37,125.30,119.08,110.64,101.97,93.35
70.04,81.50,87.92,97.64,106.78,115.43,124.28,137.30,145.07,150.72,162.00,167.36,174.64,181.52,185.97,194.31,201.56,208.25,214.72,220.64,228.62,237.00,240.13,245.95,249.90,250.57,248.32,244.63,239.10,231.58,226.72,215.86,205.30,198.71,187.78,182.26,175.35,168.58,165.68,152.88,152.51,147.80,140.19,133.45,132.03,125.06,118.60,110.46,105.00,99.62,92.70,83.22
75.64,87.01,95.34,104.69,114.02,123.00,133.54,146.77,154.87,161.99,172.54,179.51,186.34,193.09,199.61,208.66,215.30,223.49,232.42,236.95,245.46,252.79,256.68,262.07,268.73,271.21,268.03,263.84,262.38,251.18,248.20,237.92,225.42,221.08,213.04,206.24,198.66,190.26,184.89,177.41,174.77,166.71,159.88,153.95,148.79,140.86,132.97,126.00,119.77,112.45,106.23,94.05
70.84,79.10,90.03,99.28,104.64,116.21,123.91,138.06,146.51,152.09,161.15,168.30,176.71,180.03,183.12,192.17,201.72,209.75,213.52,219.49,228.09,234.48,239.21,241.91,246.02,250.44,251.38,242.16,240.76,234.61,230.01,219.86,211.47,206.87,195.41,190.08,182.19,175.65,171.11,165.42,162.16,153.38,149.91,141.74,140.77,130.00,123.98,117.17,112.16,105.80,97.50,88.36
75.80,86.70,96.17,105.42,114.91,125.94,133.96,147.61,155.90,163.05,174.04,180.16,189.03,195.35,199.97,211.09,217.86,225.94,233.14,238.43,247.69,255.55,258.01,263.11,268.47,272.12,267.08,263.59,256.76,248.24,243.82,232.13,220.05,213.94,201.72,196.98,188.48,180.62,179.23,168.19,165.94,158.37,151.60,147.05,141.13,133.21,126.66,120.07,114.56,106.21,101.71,90.35
70.21,81.06,89.96,98.25,108.05,117.89,124.90,139.39,145.23,152.16,161.47,168.83,176.08,180.05,185.65,192.94,201.32,208.73,215.13,220.74,230.08,235.93,241.01,243.73,246.62,250.86,249.90,243.40,241.00,237.02,228.96,220.84,211.04,205.94,197.34,191.13,185.17,177.10,173.23,167.17,164.48,156.58,150.08,142.58,140.68,130.61,125.00,119.41,112.80,106.37,98.43,88.73
73.88,83.93,92.97,100.00,108.37,119.88,128.13,140.90,148.07,152.74,163.81,171.23,179.20,184.29,189.04,197.77,202.73,213.46,220.84,223.06,232.88,241.93,244.25,247.88,252.46,256.19,253.85,246.91,244.79,237.63,232.36,223.49,213.48,211.03,202.94,194.10,187.52,181.07,179.03,169.29,166.21,158.52,154.50,146.39,143.34,134.47,128.08,119.77,115.38,108.00,101.51,90.48
73.24,84.85,93.68,102.65,109.38,121.15,126.56,142.34,149.86,156.28,166.82,173.42,181.73,186.08,191.21,199.37,209.31,214.72,223.21,226.53,236.84,243.40,247.88,252.44,255.03,258.03,257.75,251.29,247.07,241.76,236.22,227.24,217.28,213.15,203.18,195.90,191.85,181.01,180.01,170.59,168.19,160.15,155.60,149.40,145.84,137.06,130.12,121.84,115.35,108.91,101.24,91.27
74.52,85.38,95.13,104.64,111.80,124.10,131.59,146.11,153.39,161.06,169.29,176.38,183.99,190.38,195.65,205.00,210.83,219.39,227.43,232.21,243.07,248.36,254.01,257.10,261.60,265.32,263.15,256.63,252.66,246.36,241.11,231.40,220.95,216.17,205.06,200.87,193.20,189.84,183.88,175.57,172.59,163.96,159.48,151.99,148.48,139.81,132.88,124.20,120.70,112.70,104.05,90.96
77.70,85.23,94.15,102.65,112.61,122.77,129.54,144.40,150.30,157.46,169.61,176.23,182.32,187.97,192.90,201.10,209.35,215.41,223.08,230.05,240.42,245.35,249.47,254.23,257.41,260.20,256.84,253.16,251.00,242.33,236.03,229.22,221.00,210.98,201.44,196.06,189.53,184.84,183.07,172.26,168.18,163.37,154.77,149.88,147.11,135.35,130.73,125.18,114.76,108.34,102.58,90.55
77.67,86.01,94.87,104.55,115.32,125.21,132.44,146.99,154.87,158.96,171.60,178.55,186.49,193.60,199.16,208.15,215.23,223.00,232.05,234.88,244.07,250.89,255.71,260.19,265.27,267.58,261.86,260.85,256.20,245.54,244.11,232.00,224.51,216.45,208.25,201.43,195.21,189.36,183.88,175.89,174.05,167.08,159.20,152.09,148.79,140.12,132.44,125.87,117.69,109.77,104.31,94.34
76.66,86.93,95.34,105.26,115.43,125.90,133.42,146.51,154.02,161.92,172.88,179.63,187.00,193.78,200.36,207.80,215.47,223.44,230.56,237.12,243.81,254.87,256.83,261.96,265.32,268.43,265.02,262.55,257.15,249.61,243.74,236.41,225.42,215.52,210.77,202.92,195.04,190.59,186.98,178.24,172.10,169.52,161.77,154.18,150.63,140.09,135.01,125.92,117.75,110.16,106.40,96.00
76.94,86.40,96.60,105.00,114.04,124.81,132.57,150.24,156.08,162.20,173.25,181.11,189.11,193.93,200.08,208.00,215.20,224.76,233.81,236.91,246.34,252.79,259.05,262.02,266.43,270.98,266.54,261.66,254.72,252.07,244.52,233.42,226.06,218.16,212.45,203.58,197.13,187.76,184.49,177.34,173.81,167.04,160.56,155.18,150.16,140.07,133.15,125.16,118.15,110.94,103.02,92.66
76.16,87.21,94.58,103.31,110.92,121.40,131.24,146.45,153.84,160.03,170.70,177.40,186.39,190.90,197.21,204.53,212.66,222.83,230.08,232.82,242.40,249.00,254.91,257.42,261.82,264.01,263.54,257.70,253.16,245.73,239.15,229.92,221.92,216.75,207.17,198.59,192.05,185.65,182.63,176.05,171.66,164.64,157.00,151.95,147.47,137.36,131.24,123.33,116.46,109.84,102.83,91.09
75.29,84.85,95.19,101.97,112.07,121.43,132.31,144.96,153.10,159.71,171.17,178.44,185.92,190.91,197.20,204.55,214.60,220.77,230.59,234.92,244.18,251.86,257.56,261.96,264.28,268.30,261.08,257.03,252.10,247.21,240.24,233.95,223.90,216.93,207.71,203.04,194.21,186.94,182.57,177.79,171.01,164.40,157.04,151.82,147.57,138.22,132.20,123.23,118.34,109.20,102.70,90.21
74.95,87.21,93.72,103.85,112.61,125.21,131.02,146.74,154.87,162.19,172.45,181.52,189.91,192.94,199.94,207.39,217.39,226.45,233.99,240.05,248.39,253.67,261.12,264.59,266.54,269.60,267.98,261.86,259.51,252.38,246.03,238.20,229.21,221.08,214.34,206.05,199.72,193.67,189.38,179.82,177.00,170.14,162.81,156.39,150.27,139.71,134.13,126.83,120.02,111.02,104.69,93.98
74.95,85.01,93.81,103.32,111.65,123.60,130.92,147.00,152.71,161.12,170.80,180.43,189.06,192.52,199.49,208.61,217.45,226.77,231.14,238.40,249.01,253.31,257.95,263.62,267.99,270.20,266.74,262.73,258.49,251.24,246.78,238.80,227.40,221.78,212.25,207.46,199.94,192.00,189.19,181.66,177.81,170.18,163.05,157.00,153.10,142.21,135.42,127.91,120.21,112.31,103.77,94.13
74.33,83.87,94.34,102.70,111.25,122.12,132.03,146.82,156.85,162.86,173.28,181.84,189.79,194.15,201.69,210.34,219.54,228.88,237.45,239.46,249.10,257.07,260.86,264.66,269.22,275.75,271.49,263.07,261.70,253.71,247.52,237.74,230.15,225.50,216.95,212.87,201.90,195.43,190.66,182.28,180.05,170.77,164.66,157.70,153.21,141.74,134.95,127.22,120.51,110.86,103.16,92.31
72.84,83.95,92.48,101.83,111.36,122.19,130.74,144.78,153.45,159.02,171.40,181.43,188.73,193.61,201.76,210.86,216.49,227.34,236.02,238.35,249.24,255.43,259.07,263.10,267.82,269.68,268.78,261.63,258.10,251.86,247.70,238.45,225.39,221.45,212.30,203.27,196.84,189.51,187.78,179.54,173.95,167.17,161.40,154.18,148.93,140.26,132.02,125.54,117.05,109.02,101.26,89.20
71.69,82.49,90.74,101.21,109.07,118.11,128.06,144.07,154.03,159.82,170.14,179.11,187.28,194.03,201.46,208.74,218.76,225.64,234.10,238.25,248.89,256.80,259.98,265.83,268.42,273.79,272.62,263.25,258.99,252.02,247.46,236.03,228.12,221.43,213.30,204.07,199.32,190.79,188.37,180.01,176.23,166.96,162.52,154.74,148.60,140.06,132.38,124.40,117.55,108.17,103.59,92.07
72.45,81.22,90.14,99.49,108.78,119.52,128.55,143.22,152.61,158.71,169.50,178.28,187.00,194.16,201.44,209.90,217.68,226.56,236.93,239.77,249.82,258.07,259.62,264.44,266.72,273.56,269.16,263.59,259.05,254.24,248.65,237.26,228.84,222.32,214.69,207.62,198.83,192.40,188.66,179.41,174.83,167.55,161.15,154.69,151.21,138.85,131.69,125.20,117.64,108.47,103.94,90.80
71.06,81.32,89.07,97.74,108.00,119.01,127.48,142.20,151.80,158.22,169.12,176.65,186.89,193.37,199.81,209.10,214.85,224.09,233.40,240.17,249.34,256.83,258.10,264.32,267.07,271.22,268.29,263.76,261.61,252.11,250.02,238.65,229.30,221.92,212.25,209.00,201.25,195.82,191.05,179.81,174.81,168.15,162.02,154.32,152.59,141.51,135.07,127.32,117.95,110.11,102.39,90.82
67.12,77.62,85.28,94.37,104.12,115.28,123.32,137.71,147.25,153.81,165.47,174.14,182.18,190.92,197.33,206.02,211.77,222.20,229.43,236.81,247.37,257.56,258.54,267.85,272.72,277.14,274.96,267.02,268.63,260.07,258.99,249.43,237.70,232.49,222.80,218.00,212.08,205.24,200.41,192.88,188.62,179.39,172.98,167.04,162.15,152.12,142.80,134.83,127.05,119.44,111.11,100.30
65.00,73.06,79.76,88.55,100.24,108.81,116.62,131.89,140.43,147.46,157.70,164.76,171.41,179.77,187.67,193.16,202.04,208.61,217.35,223.34,234.30,241.27,246.20,250.49,257.15,258.85,255.85,253.24,250.42,243.90,239.64,231.01,223.40,216.40,208.39,201.81,198.22,190.00,187.54,178.04,173.63,169.17,160.43,152.76,150.44,140.68,136.01,126.37,117.52,110.15,103.75,91.78
68.12,79.16,85.80,94.64,104.92,114.48,121.02,139.30,146.49,154.28,164.15,173.30,181.22,186.68,195.36,201.56,210.80,217.42,223.65,231.04,240.03,246.06,251.02,254.23,259.86,262.73,256.73,253.90,248.89,243.98,237.24,229.46,221.55,218.00,205.08,199.08,190.79,184.33,183.36,172.82,169.94,160.51,154.84,149.37,144.12,137.44,131.00,123.66,116.47,108.07,100.96,90.25
105.12,117.00,128.72,134.41,139.39,146.33,153.33,161.34,163.88,169.31,171.54,174.29,178.07,176.73,179.34,186.72,191.31,200.25,205.55,209.27,219.26,228.69,235.44,241.01,246.40,255.00,262.01,254.06,255.55,255.89,256.02,251.22,251.56,251.37,249.48,243.58,243.17,237.29,235.47,233.86,231.02,223.79,219.28,213.94,209.02,196.58,186.68,175.48,167.94,153.94,141.42,127.81
64.20,74.15,82.87,90.61,98.49,110.11,117.69,131.75,140.62,149.59,158.26,168.25,175.86,180.83,187.97,195.41,205.65,210.37,220.22,224.15,233.47,241.77,243.76,251.03,253.21,257.62,258.50,253.21,252.99,243.56,240.36,231.40,221.84,217.80,210.04,201.65,196.43,187.95,185.02,179.89,174.84,165.74,161.31,152.16,148.00,140.35,133.36,124.02,117.34,108.91,102.00,92.96
113.02,126.57,130.86,140.09,148.33,156.52,160.11,166.37,170.24,171.90,179.81,182.65,185.73,186.39,191.85,196.43,200.85,208.68,214.80,220.93,232.65,240.07,245.45,254.17,262.07,266.99,270.60,266.81,268.49,263.66,265.00,261.45,260.11,256.28,253.16,251.18,248.32,244.25,241.68,238.21,233.50,227.18,221.78,216.67,212.34,200.42,191.16,181.47,170.21,156.54,146.71,133.36
111.66,124.65,135.15,142.27,149.05,157.32,163.45,171.29,172.98,180.38,180.69,188.22,191.41,192.57,196.56,203.54,209.75,216.60,224.35,225.58,237.84,246.45,252.05,262.15,265.71,274.57,278.79,273.06,274.24,271.65,269.01,263.96,262.36,262.73,258.49,252.24,249.21,244.66,242.71,242.25,238.82,226.77,224.59,216.54,213.43,200.25,189.08,181.04,170.84,159.77,144.26,130.25
108.52,120.21,126.37,132.52,143.39,150.60,154.94,161.64,166.11,169.19,175.37,178.07,182.65,184.40,190.08,193.02,199.96,205.53,210.86,215.87,226.75,236.01,240.17,248.94,253.81,258.59,260.95,258.16,258.59,256.22,252.86,248.91,246.62,243.82,240.96,237.15,233.34,228.71,226.38,223.22,218.48,213.65,206.83,202.48,196.66,187.04,178.94,169.50,157.01,147.35,137.44,122.33
107.00,118.70,127.32,136.37,142.86,151.09,157.18,166.60,168.94,174.65,175.51,181.96,185.65,186.04,191.08,195.18,200.64,210.09,216.90,217.95,228.32,237.81,243.29,248.67,254.79,261.01,264.97,257.22,259.09,256.91,253.31,248.07,244.80,246.83,242.99,236.54,233.32,226.90,226.28,223.29,219.86,211.54,207.20,204.27,198.04,186.08,177.87,166.98,160.02,148.19,133.96,121.60
109.17,122.19,129.83,137.24,145.17,153.53,159.89,166.97,171.92,175.07,179.51,185.54,189.71,188.51,192.43,199.48,206.16,212.85,219.75,221.05,232.25,239.08,248.74,253.45,257.74,264.80,267.35,260.11,261.12,259.42,256.02,250.73,247.92,246.81,242.89,237.61,232.44,227.85,223.97,223.76,221.07,211.80,209.54,205.29,199.18,186.82,178.10,167.69,157.49,147.19,135.15,122.78
112.04,124.19,132.61,140.21,150.33,158.35,162.61,170.31,173.40,178.00,183.96,187.52,190.44,193.33,199.44,204.56,209.66,217.79,221.45,227.04,234.36,244.07,248.29,257.11,260.97,265.93,267.03,263.91,263.79,258.86,257.22,250.59,248.29,246.13,240.41,237.39,234.33,227.69,226.53,222.46,219.00,212.45,207.33,202.20,196.70,187.04,179.63,168.58,157.61,147.36,137.53,123.43
113.15,124.20,132.52,142.76,151.80,159.38,164.35,172.93,177.89,181.80,185.46,191.23,193.60,194.88,199.90,206.04,210.23,218.23,223.24,228.48,236.52,243.07,247.48,255.33,258.71,265.19,266.61,259.47,259.62,256.96,254.03,249.47,245.66,243.46,238.35,234.65,231.15,225.88,224.10,220.78,216.31,210.21,207.18,201.10,196.66,186.45,177.69,169.01,156.55,145.40,134.63,122.92
120.24,132.77,143.00,153.39,160.00,168.66,177.19,185.80,189.36,193.26,198.21,203.18,205.62,207.74,213.36,217.00,224.12,230.53,238.42,238.30,248.62,256.13,262.84,267.59,273.12,277.91,279.01,273.83,272.40,270.41,266.51,260.46,256.64,256.09,252.00,245.84,243.31,237.92,235.10,231.21,227.92,220.23,216.00,211.34,206.41,197.47,187.22,178.13,165.71,155.26,142.20,128.39
110.14,122.04,131.75,141.03,148.66,156.24,162.82,169.81,172.04,178.40,179.77,185.91,187.48,187.88,192.20,197.25,201.16,206.94,213.26,215.42,220.81,228.02,231.66,238.60,239.42,247.65,249.55,243.02,243.30,238.05,237.17,233.42,228.36,230.05,227.69,222.27,219.24,214.80,213.58,212.71,210.24,204.01,200.25,195.06,191.70,180.28,172.82,164.22,156.32,144.28,131.70,121.12
116.93,130.25,136.70,145.80,155.54,165.92,169.81,178.01,181.11,184.46,190.18,194.01,196.16,199.22,203.69,207.78,210.76,220.42,224.06,228.02,234.01,241.81,245.94,254.47,255.33,259.77,260.77,255.54,256.83,251.79,250.19,245.23,240.88,237.17,234.88,229.73,227.11,224.36,221.65,217.28,213.12,210.30,204.83,201.16,195.69,187.01,179.60,169.81,158.05,147.28,138.29,125.13
115.95,129.40,139.46,148.41,155.86,164.62,170.07,179.98,182.86,187.26,191.67,194.67,198.54,199.06,201.70,207.29,209.89,218.07,223.13,224.96,233.21,240.64,246.13,250.32,254.53,258.79,258.94,254.61,253.34,250.60,246.02,243.26,240.10,240.13,236.64,230.72,227.34,221.18,220.59,219.39,214.40,208.81,204.71,200.53,198.25,187.52,179.35,169.59,161.52,148.71,136.30,124.65
118.26,132.62,138.13,148.03,160.38,167.07,172.07,180.25,184.22,188.31,194.01,196.62,199.90,200.17,205.30,208.17,212.85,218.05,222.30,227.38,235.38,240.83,245.60,253.24,254.49,257.47,258.31,254.39,255.38,250.00,247.32,244.27,241.05,237.00,234.40,232.08,229.30,223.22,221.77,218.10,214.39,212.23,205.25,200.90,197.23,188.90,182.78,171.33,161.21,149.70,139.46,126.57
118.34,131.53,140.03,150.23,157.78,168.07,173.53,180.06,183.12,186.04,192.31,193.09,197.23,199.65,201.80,206.48,208.40,215.87,221.56,223.29,230.51,237.78,242.51,248.94,252.42,254.00,254.53,253.40,251.80,247.63,246.47,239.62,237.74,235.98,233.21,228.32,227.90,223.57,220.38,217.94,213.88,212.05,205.00,200.00,196.33,189.49,179.98,171.41,161.99,149.63,138.22,126.46
118.42,132.10,141.35,149.86,159.81,166.57,173.44,181.47,182.99,186.66,188.30,193.01,196.33,196.23,200.41,203.07,208.66,214.89,219.91,221.24,230.47,236.54,240.52,245.55,250.35,252.96,255.41,249.82,251.10,246.26,243.82,239.64,236.91,236.59,233.41,228.71,227.85,223.54,222.15,217.39,215.26,210.85,205.73,203.97,198.07,189.45,179.63,171.03,162.09,148.66,139.09,125.80
121.20,132.77,141.40,151.43,158.52,168.62,175.39,180.76,184.88,189.97,192.46,193.85,198.01,198.60,201.94,205.34,207.50,212.85,219.35,221.05,230.36,236.24,242.40,247.33,250.89,254.47,254.61,252.56,251.20,247.07,247.16,241.83,241.05,237.61,234.52,229.92,229.71,224.15,223.66,218.87,215.37,213.96,206.25,201.01,199.46,190.43,182.85,173.95,163.22,149.25,140.12,127.13
120.93,133.27,143.27,151.09,159.70,169.05,173.95,183.85,186.08,189.74,192.21,196.94,196.47,195.31,201.19,203.87,206.52,215.82,218.59,221.74,229.24,235.44,240.35,245.54,247.52,255.63,254.26,250.45,250.01,248.65,247.00,240.26,238.95,238.85,235.69,230.34,228.78,222.99,221.00,220.23,217.50,210.16,208.61,205.08,199.15,189.42,179.29,171.17,162.27,151.17,138.41,124.58
119.08,133.30,143.39,152.40,159.11,168.43,173.57,179.08,183.10,186.68,189.00,191.64,194.73,194.16,197.23,200.90,207.14,213.22,217.34,218.21,225.61,232.08,237.56,242.89,247.40,253.16,252.17,249.56,248.07,244.73,241.59,238.66,236.17,237.50,234.13,229.71,227.18,221.89,220.62,219.01,214.41,211.53,206.34,202.36,197.72,188.90,181.54,171.81,162.98,150.70,139.20,126.48
119.57,131.97,143.96,151.21,159.77,166.93,174.39,180.35,181.47,186.13,188.45,191.27,193.83,195.21,196.29,202.20,204.36,210.89,216.64,218.40,226.74,230.96,236.58,243.21,244.57,252.92,252.79,248.57,247.40,246.48,243.74,239.64,237.26,236.92,235.71,229.87,225.34,222.58,219.57,221.60,216.40,211.73,208.24,202.53,198.11,188.16,181.40,171.03,162.41,150.33,139.49,124.95
118.46,132.19,141.87,151.17,157.38,165.39,170.84,177.50,182.44,183.38,185.40,188.49,191.01,191.32,192.85,198.00,200.19,210.04,212.26,216.33,222.47,229.16,233.98,238.16,243.35,249.15,252.44,244.73,245.73,242.67,239.64,237.36,236.46,236.30,232.00,227.32,225.66,220.68,220.51,218.05,213.94,208.66,205.78,201.26,197.02,187.86,178.62,169.65,161.99,149.51,137.71,125.03
127.61,142.37,150.34,160.18,167.76,177.54,182.46,187.63,189.69,191.93,195.47,197.59,200.38,201.40,205.06,209.57,211.59,219.01,225.66,227.15,234.96,243.04,247.07,255.22,260.28,264.25,265.45,264.07,264.94,259.98,260.05,257.39,254.47,253.33,249.54,244.44,244.92,239.43,237.98,233.55,233.15,228.57,222.42,216.34,213.60,205.29,195.49,185.54,174.23,161.31,151.82,136.34
117.20,129.87,138.00,146.01,151.65,158.37,165.53,170.00,173.23,176.08,175.93,180.42,182.70,183.53,187.54,189.69,192.51,199.04,205.23,205.83,215.19,220.95,227.38,232.43,235.85,243.29,245.20,239.88,240.01,238.03,235.99,233.94,232.17,231.84,229.44,226.02,223.65,218.59,218.05,215.67,211.97,208.96,203.57,198.59,196.35,186.00,177.20,169.25,159.79,150.05,138.60,122.79
124.04,137.64,146.11,156.44,164.05,173.67,177.72,184.39,188.22,190.22,190.52,195.56,198.84,198.54,200.42,206.16,208.08,217.12,221.56,224.97,233.12,240.64,246.13,253.28,257.80,264.78,266.09,260.69,262.68,258.19,258.59,253.65,254.26,251.03,248.56,243.82,244.01,238.37,239.08,234.80,232.57,224.57,222.72,217.04,213.24,201.60,193.75,183.29,173.00,162.08,149.57,136.42
64.50,74.09,83.05,92.59,102.42,113.00,122.56,137.28,146.25,153.15,164.16,170.95,180.31,188.31,192.51,201.04,205.68,214.56,222.52,228.04,237.02,243.38,244.23,247.07,252.00,254.29,251.62,246.81,243.73,237.02,233.50,223.33,211.52,206.93,197.31,194.01,186.49,182.88,178.10,167.17,162.27,157.31,151.48,144.92,139.61,132.10,126.04,117.89,109.79,100.26,94.37,85.09
65.12,75.71,83.17,95.13,104.09,114.77,124.20,141.55,150.60,156.04,166.93,175.32,183.70,190.55,196.95,202.71,211.14,219.15,226.88,229.93,236.93,241.25,246.60,248.47,252.63,253.65,248.85,245.07,239.08,235.27,228.13,220.23,210.76,206.23,196.12,190.69,184.46,179.89,174.01,166.63,163.78,155.43,148.98,143.50,140.09,129.00,123.85,116.46,107.08,100.42,92.57,82.29
66.84,77.62,86.58,95.21,105.55,119.15,126.05,142.43,151.92,158.38,168.67,177.61,185.35,192.27,198.13,204.02,212.90,217.00,225.00,231.68,238.76,243.25,247.29,250.89,253.21,252.23,249.99,246.21,239.85,234.62,228.04,219.86,209.25,203.91,195.73,188.16,183.85,180.01,174.27,165.30,161.90,156.32,148.65,142.90,139.64,129.42,122.71,114.34,106.89,98.98,93.39,84.15
69.00,77.70,89.01,98.25,106.78,119.41,128.39,146.70,153.39,161.70,172.65,179.18,187.30,194.18,199.02,207.39,213.71,223.11,229.53,234.09,241.54,247.62,249.58,252.00,253.65,258.13,255.49,245.94,243.02,236.44,228.98,222.46,212.12,209.24,199.49,191.05,184.13,179.80,175.80,166.46,163.78,155.44,149.46,143.89,139.52,129.03,123.17,116.30,107.70,100.21,93.19,82.49
67.23,77.62,88.28,98.35,108.30,120.07,127.58,146.54,154.39,162.41,172.57,181.40,189.23,196.43,200.34,209.67,216.64,225.20,230.22,235.05,240.14,247.61,250.32,253.30,256.68,258.21,252.72,246.62,242.17,237.36,230.50,220.87,210.40,208.57,198.12,194.25,186.27,180.83,177.16,167.59,164.16,156.54,151.65,144.93,140.87,130.19,123.82,116.11,109.04,101.12,93.81,84.10
63.51,78.16,88.75,106.47,116.07,126.05,133.15,151.38,159.89,166.39,174.66,181.18,191.32,196.82,204.75,210.79,219.01,226.88,229.44,234.39,243.61,248.34,253.05,256.63,258.96,259.49,257.24,247.17,244.24,238.61,231.46,223.21,215.34,208.00,200.93,193.75,186.64,180.69,174.66,169.29,163.98,157.33,152.40,145.80,141.16,132.44,126.53,119.20,112.11,104.29,96.66,83.95
72.17,81.49,90.35,101.12,111.52,121.64,129.14,148.19,158.81,167.16,177.88,183.32,190.91,197.95,206.42,212.51,217.81,226.45,232.40,238.65,249.51,256.05,259.82,264.76,268.15,271.74,266.66,261.69,257.11,249.07,246.81,237.03,226.77,223.08,215.24,206.52,201.56,197.34,191.69,182.26,179.11,171.35,164.30,157.44,153.12,142.64,135.72,127.12,118.15,109.11,100.85,90.34
72.12,82.02,92.72,102.96,113.41,124.34,133.02,150.00,159.05,165.94,176.82,184.89,192.17,199.48,204.01,213.79,219.53,230.08,234.46,241.01,247.88,253.22,256.72,258.88,260.98,261.55,260.97,252.06,249.16,240.28,235.87,228.09,218.83,213.41,202.42,197.22,189.50,182.00,178.40,173.77,170.65,160.03,155.24,146.99,143.27,133.30,127.64,118.23,111.07,103.59,96.32,85.38
73.08,82.71,92.66,103.58,112.09,124.46,133.66,150.70,159.06,166.31,176.82,185.16,191.91,199.01,204.59,210.54,219.13,228.74,234.00,238.55,246.89,251.32,256.91,260.91,262.15,264.55,258.49,252.62,248.85,242.40,237.17,228.25,216.90,211.01,204.36,197.03,191.11,183.66,179.45,171.96,166.94,160.02,154.26,148.48,143.13,133.36,126.02,119.04,108.71,102.31,94.81,85.38
75.96,84.50,92.57,104.04,116.00,125.69,134.17,149.88,159.15,166.09,178.62,185.43,193.26,200.14,206.18,213.56,221.01,226.77,234.08,240.34,249.60,253.49,258.79,261.23,264.05,263.87,258.87,257.60,250.99,244.50,240.07,227.64,220.29,211.75,204.12,196.82,192.00,185.22,181.95,171.49,168.34,162.89,155.26,147.09,143.66,134.21,127.81,119.00,111.61,101.83,98.35,87.13
75.66,86.54,94.20,104.81,115.69,127.28,134.97,149.91,160.44,165.53,179.77,186.08,193.93,201.65,206.02,214.15,221.37,229.02,233.79,240.97,249.54,254.66,259.01,262.97,265.09,263.53,261.35,256.83,252.52,243.29,240.19,229.02,221.06,213.81,204.20,197.50,192.72,186.94,182.36,172.17,169.46,164.48,157.11,148.07,143.60,134.74,128.89,118.66,112.27,102.83,98.48,86.41
78.29,89.01,101.52,112.20,122.58,134.12,143.40,162.00,172.24,180.28,189.97,198.93,208.33,212.66,220.54,228.01,237.93,245.54,251.13,258.09,268.00,271.40,278.26,277.35,282.93,285.49,283.59,272.59,267.59,262.41,251.08,244.02,233.56,231.53,220.74,213.36,206.47,196.99,193.04,186.45,181.66,173.44,166.64,159.15,155.64,143.18,135.72,126.85,118.85,110.45,104.06,90.61
80.22,89.87,98.84,111.22,122.45,135.48,144.17,159.02,168.34,177.54,189.27,197.59,205.97,213.60,219.53,229.06,237.14,243.58,251.37,257.70,265.29,271.09,275.18,280.53,284.99,283.64,276.45,274.03,271.03,262.00,256.72,246.91,232.56,225.06,215.61,210.52,205.76,196.54,194.20,183.37,180.00,174.87,166.21,157.29,154.12,144.22,137.32,126.61,116.36,108.56,103.00,91.92
75.39,86.61,93.19,104.71,116.28,127.00,134.46,152.00,160.38,166.87,179.07,186.20,193.98,202.12,209.31,216.61,221.38,230.36,236.04,243.29,252.00,256.98,258.79,268.13,269.07,268.17,266.31,256.38,255.43,243.82,243.02,232.86,222.90,214.11,204.88,201.06,194.26,189.16,184.46,171.33,171.23,165.22,158.23,150.08,144.53,137.00,129.26,121.74,112.61,105.00,98.48,87.85
79.20,91.39,97.42,107.90,122.09,133.00,142.78,160.02,168.66,177.72,186.82,197.73,206.01,213.24,219.39,226.61,236.32,245.49,249.42,256.84,262.80,271.40,274.16,278.00,281.30,283.21,278.99,271.90,266.48,261.69,252.62,246.29,234.03,227.85,218.05,210.95,205.32,197.75,192.38,185.99,182.46,174.91,165.22,158.00,153.84,144.14,137.30,128.47,118.53,110.68,102.18,91.42
73.82,84.31,91.84,104.12,113.37,125.54,133.00,149.72,160.01,166.71,178.37,187.00,193.99,201.19,208.02,215.72,221.76,227.11,232.65,239.99,248.67,253.78,257.03,259.96,262.26,261.61,257.69,253.86,247.78,238.30,235.16,227.20,217.17,210.32,200.32,194.49,190.87,184.45,180.16,169.85,166.47,160.15,151.56,147.00,142.70,132.88,126.85,117.24,109.34,100.42,94.56,86.21
75.24,87.37,96.83,108.34,122.69,136.21,144.14,160.85,168.67,172.29,186.27,197.39,206.04,212.20,221.77,228.35,235.21,243.73,249.06,257.53,263.69,271.45,273.99,280.81,282.88,280.40,280.13,273.99,272.30,261.64,257.12,247.63,234.08,229.22,220.23,214.11,208.15,202.83,195.26,187.54,181.28,174.27,166.74,160.80,156.54,144.93,137.57,128.76,120.07,109.11,104.24,95.04
77.67,88.09,98.62,108.71,121.15,132.02,143.13,159.51,169.06,175.64,188.61,195.98,205.97,211.12,219.15,225.57,234.39,240.61,249.45,253.51,265.19,269.78,272.15,273.00,278.71,279.37,275.59,268.22,263.55,256.76,248.31,241.00,233.03,228.53,216.33,209.54,202.76,194.79,190.97,182.00,177.56,171.27,162.93,155.98,151.38,140.43,133.65,124.66,116.11,107.20,101.24,90.74
74.81,86.31,93.94,104.69,113.16,126.29,134.81,150.23,159.53,165.94,177.03,185.95,193.60,200.38,206.55,214.46,222.77,227.22,235.77,242.44,248.02,254.00,259.65,262.45,265.65,265.15,262.89,257.41,254.72,248.17,242.12,233.07,222.42,215.20,208.57,201.90,196.15,190.12,184.39,177.53,171.40,166.03,157.89,151.09,147.32,137.46,129.88,121.71,112.54,104.39,98.08,86.98
74.52,85.00,92.54,103.32,115.11,125.10,131.47,148.77,156.40,164.65,176.24,182.39,188.53,197.65,203.92,210.40,217.86,225.79,231.60,239.38,245.73,252.42,253.78,259.79,262.55,260.00,258.79,255.00,250.35,243.58,239.94,228.97,220.20,210.89,204.50,198.34,193.76,186.19,181.18,174.73,168.65,165.06,154.56,149.09,144.59,135.06,127.76,119.33,110.48,102.49,97.72,85.70
73.55,82.61,92.61,102.73,111.83,123.76,133.14,146.17,155.32,162.39,172.63,179.23,187.77,194.45,199.40,206.34,213.04,220.79,230.36,235.72,241.92,247.29,251.64,255.36,259.27,260.72,256.78,252.41,249.99,240.75,236.58,226.83,214.95,208.43,202.18,198.44,191.13,184.32,178.90,171.40,167.26,160.65,152.43,145.58,143.18,134.35,124.42,116.90,108.19,100.65,95.46,84.31
102.36,114.27,124.68,130.21,136.68,142.23,150.48,155.55,158.62,160.45,163.27,166.21,168.00,167.72,169.76,175.58,179.80,185.04,193.87,194.88,201.07,209.06,214.74,219.40,222.28,228.37,233.08,229.62,229.01,229.92,227.26,225.28,226.01,229.01,227.48,225.18,221.64,218.28,219.49,220.20,217.55,212.24,208.81,202.61,200.55,191.09,182.36,171.83,164.25,152.90,144.07,128.22
80.16,89.64,97.86,108.30,117.90,129.87,137.89,153.38,163.11,170.14,181.95,188.09,195.07,203.86,210.15,220.27,224.24,232.40,240.03,246.79,254.96,260.20,264.71,269.18,274.24,276.63,269.70,263.15,259.96,250.89,246.98,237.86,228.04,222.35,212.27,206.09,199.32,193.99,189.51,178.24,175.35,168.05,160.72,153.50,150.07,139.90,132.10,123.98,115.31,106.47,100.13,88.84
71.78,80.28,88.57,97.51,106.78,117.04,124.17,137.00,146.12,152.59,162.00,167.91,175.35,184.10,190.19,198.73,200.06,207.87,214.85,220.00,229.12,234.03,237.59,241.36,243.35,243.29,239.75,237.54,232.74,225.62,221.54,215.06,205.30,199.15,191.02,185.65,181.11,173.22,169.29,160.51,158.66,153.29,144.26,138.60,135.34,125.63,120.50,109.88,102.83,96.60,90.05,79.40
72.03,82.68,90.35,98.01,107.91,117.99,125.06,140.00,146.97,154.00,165.47,171.84,177.89,185.69,191.02,199.16,204.29,209.46,217.12,223.79,231.90,236.14,239.89,244.73,245.20,246.22,244.24,239.41,236.24,226.75,224.59,216.93,207.15,200.53,193.50,187.11,183.60,174.64,172.01,163.44,160.70,155.40,147.41,139.85,137.28,126.83,121.63,113.76,103.85,97.67,91.01,81.34
72.34,81.49,88.55,97.51,108.00,119.40,127.48,139.47,148.19,153.46,165.68,171.45,178.33,184.39,191.32,200.26,205.34,211.24,215.63,224.16,229.84,237.12,237.86,243.08,247.70,248.90,246.71,240.66,236.52,228.54,226.45,220.00,207.16,203.65,195.33,188.45,185.31,176.82,175.39,166.21,163.22,158.15,149.91,142.17,140.25,130.05,124.65,116.40,106.23,99.99,93.04,82.38
75.29,87.13,99.54,108.17,117.11,124.82,135.07,154.87,163.03,168.12,179.54,189.53,197.04,202.05,208.22,215.36,224.89,230.87,240.28,243.40,253.16,256.33,263.50,266.69,269.43,274.78,268.83,261.00,258.94,251.22,243.98,237.19,228.65,224.02,216.11,208.00,201.04,194.12,190.00,182.48,179.63,169.71,164.84,156.11,153.26,141.15,134.03,123.98,117.83,109.02,100.66,88.29
68.31,79.40,91.83,101.32,108.30,121.24,130.46,146.89,155.72,163.53,173.37,182.17,189.53,194.28,202.41,208.80,217.10,227.09,233.03,238.72,248.65,255.64,261.70,267.86,271.59,276.92,275.70,268.73,269.27,262.23,257.85,251.98,242.87,240.36,232.40,228.00,220.41,215.54,209.66,204.80,202.98,192.66,188.22,181.02,174.38,161.45,155.24,145.89,137.44,126.37,116.48,104.75
78.10,90.20,98.79,109.00,120.78,133.96,141.60,159.30,168.76,176.18,187.56,196.16,204.89,209.62,216.01,225.18,232.17,241.60,248.47,255.00,261.94,266.90,271.95,277.35,279.11,283.78,279.33,271.98,270.28,260.19,256.14,247.15,236.78,232.11,221.14,216.34,212.44,205.85,199.01,189.75,187.04,176.50,171.59,163.32,158.45,146.58,140.66,131.95,121.82,113.90,105.57,93.81
75.66,86.76,97.02,107.63,117.72,130.77,138.95,154.87,163.40,173.05,185.41,193.09,199.49,208.87,214.15,222.44,228.09,235.48,244.17,250.44,258.28,263.86,269.31,274.88,276.38,279.87,273.37,268.07,264.38,258.54,251.02,243.31,233.31,228.09,218.22,211.69,206.20,202.61,196.58,187.01,183.24,176.78,170.02,160.44,157.81,144.84,137.77,129.26,121.20,111.14,104.24,93.72
74.71,87.02,94.15,103.83,114.00,124.91,132.61,148.00,159.55,165.20,176.32,184.86,191.27,198.22,204.47,212.66,222.58,226.93,234.07,240.60,249.88,255.85,259.00,262.97,264.61,266.33,268.02,261.31,257.33,250.06,245.05,236.93,227.67,220.74,211.29,207.54,201.82,195.35,191.90,182.12,177.92,171.42,163.98,156.43,154.64,140.46,133.96,126.92,118.09,109.90,101.53,92.76
73.82,86.05,95.29,104.32,115.11,126.48,135.52,152.82,161.01,169.66,178.92,187.04,195.83,201.46,207.53,215.52,222.99,230.33,235.21,238.40,248.00,251.18,254.40,257.44,260.29,261.09,258.15,247.80,245.51,238.14,232.55,223.38,212.98,205.87,197.31,191.17,185.70,179.01,175.57,166.81,161.15,155.93,150.46,143.00,139.94,129.06,124.02,115.84,105.48,98.08,94.87,82.86
78.01,86.35,96.80,106.30,115.95,129.63,139.45,154.90,163.19,171.42,181.39,190.77,198.20,204.09,211.01,217.08,224.83,234.58,239.93,243.10,249.83,257.70,257.15,261.73,260.65,262.23,258.43,251.70,249.18,240.92,232.82,221.04,212.87,207.62,197.95,190.69,184.70,178.10,174.24,166.83,163.95,153.95,148.22,142.27,137.03,129.85,120.21,113.89,108.07,96.51,92.70,82.62
74.52,86.70,94.94,104.04,114.28,126.56,135.37,149.38,157.54,162.31,174.43,183.05,189.45,196.40,202.04,209.16,213.64,222.25,226.72,231.87,239.28,243.29,246.08,250.00,252.48,252.66,245.12,239.20,232.82,224.89,218.55,211.74,200.41,194.99,185.87,178.85,172.10,166.31,161.97,154.18,150.86,146.01,137.93,130.29,127.88,117.95,113.36,105.48,98.49,90.44,85.91,76.16
78.10,89.47,98.79,108.23,116.78,128.22,136.33,153.52,162.36,169.06,178.66,189.27,195.16,200.88,207.20,215.39,220.77,228.40,236.89,239.72,247.97,252.29,256.18,258.15,261.70,263.03,258.06,251.01,246.42,239.80,230.84,222.91,210.72,207.01,195.88,190.60,182.39,174.14,172.73,163.88,160.25,151.72,147.30,139.44,136.62,125.28,118.26,109.34,104.75,97.49,87.97,78.75
81.39,93.17,102.53,113.00,121.70,133.72,141.20,157.06,166.74,173.01,182.70,193.63,200.00,206.79,213.38,221.08,227.77,235.54,244.20,247.31,255.78,262.61,265.28,267.80,271.69,273.03,270.96,260.69,258.87,250.46,244.08,234.29,220.66,215.13,202.07,197.84,189.84,183.99,178.40,167.31,165.47,157.05,151.29,142.90,138.81,130.86,123.60,114.95,106.51,98.29,91.78,82.86
83.22,94.09,102.80,112.89,123.94,133.73,141.88,157.63,166.36,173.59,187.30,193.13,199.42,207.53,214.13,222.61,228.41,237.89,243.94,249.84,257.58,264.28,268.03,270.15,274.80,274.83,271.23,265.11,261.96,251.53,245.12,235.84,224.93,214.61,205.97,199.62,193.09,184.69,181.14,168.12,165.11,160.65,153.18,144.06,140.06,130.12,125.10,116.39,105.65,98.23,94.19,83.76
82.64,93.38,103.16,113.60,122.32,134.11,143.01,158.26,168.15,174.35,185.40,193.79,201.04,208.06,213.38,224.97,228.47,239.03,245.86,251.77,259.02,264.80,269.48,273.94,276.07,278.00,274.27,265.27,261.70,253.54,246.48,236.48,224.85,216.06,204.88,199.32,192.88,182.70,178.62,168.40,162.61,158.29,148.86,139.56,136.24,129.39,120.21,111.04,104.40,97.62,89.59,82.86
80.43,93.01,101.19,111.21,119.51,132.00,141.90,157.29,164.79,172.68,182.73,191.65,198.29,205.30,209.39,220.23,229.11,235.51,244.83,250.57,257.41,264.25,268.69,274.85,276.82,281.62,278.15,270.68,267.08,257.61,250.68,241.47,230.36,223.89,214.72,205.88,196.40,189.49,183.70,175.76,170.58,161.11,155.91,146.99,143.13,132.38,124.79,116.52,109.77,99.93,94.20,84.10
79.26,93.26,103.41,112.70,119.97,129.31,140.94,159.09,167.03,174.54,183.21,192.77,203.06,206.94,212.17,222.31,229.01,238.44,244.81,252.29,261.52,266.32,269.83,272.77,274.61,277.61,267.48,255.15,250.86,240.47,231.04,219.32,203.00,194.79,180.23,175.42,166.19,156.87,152.16,144.93,137.24,129.24,124.02,117.92,113.15,105.02,97.58,92.02,86.98,81.88,74.63,66.73
52.77,61.00,65.05,70.61,79.71,86.53,94.01,99.81,103.95,112.16,119.87,125.93,127.35,136.56,139.72,147.09,151.38,157.89,162.66,172.41,183.53,195.43,199.28,215.75,219.83,226.56,239.59,242.16,246.61,244.97,244.81,242.89,241.17,240.67,234.92,232.47,228.55,224.72,223.26,214.46,213.25,206.53,196.90,191.95,185.59,175.15,166.68,156.08,145.00,134.24,124.78,112.01
79.38,91.92,101.24,110.65,118.70,127.64,140.25,155.04,162.53,170.84,180.06,188.10,196.96,202.60,207.88,217.75,226.68,232.60,243.31,246.62,259.62,266.48,271.59,275.18,279.25,284.57,283.02,277.06,271.01,267.23,256.70,248.86,239.08,230.49,223.62,214.93,205.08,195.85,190.54,181.59,175.35,166.40,157.28,147.50,143.41,132.10,124.58,113.55,108.89,100.90,94.43,82.38
83.19,93.52,103.46,113.07,123.98,133.54,143.03,158.45,165.66,172.56,184.10,190.13,198.91,206.32,212.84,220.62,229.34,235.38,246.76,252.72,263.03,270.54,274.47,282.61,286.15,287.96,285.69,282.88,279.11,272.15,267.08,257.16,244.25,237.43,228.56,220.95,214.98,204.20,200.00,189.17,181.00,173.91,165.06,155.26,149.26,136.62,130.60,120.60,110.68,102.45,98.18,88.20
85.84,96.80,107.19,117.72,125.54,135.88,146.41,162.31,170.43,176.08,187.01,193.69,203.65,207.34,213.12,224.27,232.95,240.61,250.65,254.31,268.29,274.08,280.13,283.30,289.56,293.98,292.92,285.04,282.96,277.32,271.49,261.43,253.07,244.10,238.32,227.16,219.08,211.62,206.04,194.59,189.21,178.06,170.66,161.48,155.12,142.17,133.54,124.06,118.07,109.40,101.20,89.56
88.01,97.08,106.78,117.69,129.40,138.08,147.47,163.49,173.22,178.35,188.32,198.65,204.79,211.01,216.45,223.51,234.08,242.00,251.00,255.28,265.67,273.41,281.23,285.32,289.69,293.72,292.68,285.75,280.92,276.05,269.70,262.61,251.68,246.22,234.45,227.41,218.23,210.74,206.63,194.06,188.40,180.06,170.76,162.74,154.86,139.79,135.25,124.40,118.12,107.78,102.11,91.24
88.19,99.72,110.54,121.28,129.00,139.46,150.36,165.80,175.45,180.27,190.02,197.88,207.47,214.15,218.50,231.04,235.65,243.82,255.05,259.47,270.14,277.19,282.35,288.88,292.10,296.11,294.59,289.87,286.26,280.22,275.05,264.84,256.13,250.96,243.31,234.89,226.81,220.05,216.00,202.67,198.65,192.17,183.41,173.00,167.61,154.56,144.01,136.82,127.14,117.39,107.91,97.51
79.18,88.87,98.08,108.78,116.85,126.37,137.24,151.54,160.21,166.48,176.24,182.78,192.26,194.49,201.32,210.34,217.72,226.93,236.01,240.66,249.23,256.02,263.76,265.66,271.36,276.92,277.11,271.40,267.61,263.70,257.39,249.54,242.83,239.24,232.28,223.79,217.71,209.02,204.83,197.28,191.86,183.21,175.39,167.28,161.64,147.09,141.16,130.11,123.69,111.00,104.79,92.76
82.01,93.17,101.40,110.48,119.02,130.78,142.34,155.54,164.60,171.33,180.36,189.28,196.49,201.64,208.52,218.92,227.66,235.37,243.18,251.51,259.72,268.52,274.01,279.66,285.01,288.06,285.88,282.45,281.01,273.99,269.71,261.01,251.62,245.17,237.99,231.68,221.94,217.22,211.48,200.85,193.68,184.70,174.64,166.03,158.86,146.18,140.06,128.41,121.56,109.79,103.82,93.54
82.38,93.35,102.59,110.02,120.44,132.46,140.25,154.03,164.05,170.52,179.30,186.95,192.50,199.32,203.67,215.84,222.71,231.40,239.03,245.74,258.03,265.48,270.65,276.22,279.58,284.43,286.25,280.92,279.12,272.84,268.26,262.72,255.00,248.48,244.57,234.79,227.72,223.23,215.36,205.68,200.84,191.85,184.39,173.76,166.88,150.34,145.12,135.68,125.00,116.10,109.62,97.02
83.95,96.54,104.12,112.06,123.49,134.12,141.23,154.30,161.55,168.15,180.07,185.16,192.98,199.41,205.22,213.14,221.14,227.49,236.14,243.59,253.66,261.62,267.17,273.03,278.44,281.43,282.15,278.06,275.73,269.14,268.16,260.80,251.78,247.31,241.05,235.48,229.99,222.77,219.59,209.98,204.71,199.53,188.47,180.87,175.32,163.13,154.95,146.89,133.69,124.90,117.34,104.00
84.17,96.69,106.62,115.38,127.10,135.83,144.53,158.47,165.60,172.05,182.13,190.28,196.00,203.68,208.61,219.45,224.96,234.71,240.30,247.92,258.13,266.30,274.42,277.76,283.55,286.17,285.11,283.40,281.40,275.47,273.81,264.32,256.70,253.81,246.38,241.62,233.81,228.28,227.06,217.22,212.46,205.50,196.58,187.78,182.63,170.88,163.49,152.79,141.60,132.03,122.41,110.04
78.72,88.81,95.67,102.79,114.98,123.84,132.28,143.01,148.63,156.18,168.22,171.49,178.63,186.14,192.26,199.16,204.39,212.20,220.48,225.79,237.55,242.22,251.29,255.07,260.49,264.62,264.76,260.92,258.26,254.47,250.32,245.15,237.12,234.09,228.74,224.11,221.38,214.80,211.91,203.65,199.45,194.10,186.78,178.55,173.35,162.00,156.00,147.36,137.13,127.47,118.88,106.08
85.01,98.41,107.52,117.44,125.61,137.06,145.80,160.05,168.44,175.14,184.07,192.82,198.57,203.63,213.02,218.24,227.71,237.43,245.58,250.97,261.19,266.83,277.35,282.19,286.77,292.33,291.44,287.06,284.88,282.30,278.26,269.44,263.25,262.46,255.00,251.29,244.10,236.00,233.81,226.24,224.00,215.59,206.89,199.12,192.76,180.11,173.05,161.60,152.35,142.34,129.99,115.00
85.76,99.46,111.52,112.54,128.50,142.21,142.21,161.64,168.15,176.30,184.46,195.26,200.57,206.73,212.43,222.99,230.71,242.42,248.05,254.33,268.36,273.93,283.34,287.17,292.91,299.55,300.17,291.34,293.34,288.53,286.28,277.41,267.31,270.13,260.99,254.94,249.88,242.29,239.27,231.08,227.37,218.00,211.90,201.81,196.33,183.81,173.67,163.99,152.76,142.21,132.38,116.78
83.49,95.34,105.65,113.95,121.81,133.76,142.34,157.56,166.17,173.08,183.37,191.03,198.70,203.71,210.54,219.69,228.22,237.54,244.62,252.05,264.46,271.01,277.35,284.23,290.26,298.04,298.46,291.11,291.61,287.21,282.28,275.57,267.90,265.15,257.78,251.00,245.84,236.66,233.62,227.52,223.44,211.29,204.27,196.73,189.25,174.29,168.76,157.94,148.12,138.96,124.89,111.16
84.02,97.72,105.36,115.52,126.44,135.77,145.09,160.11,166.43,176.23,186.49,192.48,200.42,208.48,214.61,222.52,229.79,239.27,247.78,254.10,267.15,272.99,280.77,287.94,293.47,297.15,299.67,297.69,294.36,289.64,286.40,278.26,270.74,264.49,260.00,251.18,247.19,238.54,234.80,226.93,222.19,215.76,204.48,196.02,189.77,177.72,169.06,159.48,145.00,134.79,126.72,111.80
82.61,94.94,103.23,111.54,123.98,132.80,141.72,154.25,161.40,168.47,179.29,184.32,192.21,199.21,204.73,213.56,220.13,227.01,232.14,241.63,252.62,257.03,264.28,270.25,276.24,279.16,279.73,277.22,273.13,268.89,266.06,256.13,250.00,243.07,237.12,233.67,227.78,219.76,216.15,208.06,202.06,197.37,186.95,180.60,176.17,163.75,156.95,148.07,134.41,125.32,116.85,104.40
82.76,93.94,105.39,114.02,122.70,132.22,141.45,156.21,162.63,172.26,178.76,186.70,194.37,198.64,203.82,213.77,221.03,230.22,235.85,241.55,251.20,258.03,266.26,271.01,275.18,281.95,284.18,276.85,275.41,272.15,266.33,257.24,249.56,249.16,241.35,235.16,228.40,220.49,217.91,210.35,207.18,198.12,191.80,184.81,177.39,165.75,156.11,147.25,136.56,129.99,118.70,104.39
84.21,96.54,103.85,112.95,125.67,133.02,143.96,157.41,164.66,172.35,182.43,188.83,195.56,202.08,208.34,215.24,224.01,230.80,238.92,247.31,256.10,263.22,271.15,276.12,281.80,284.90,287.08,283.49,279.08,276.40,273.18,264.36,256.83,254.38,247.07,240.05,233.08,226.29,221.92,215.13,209.54,202.23,194.43,188.60,182.79,168.08,161.31,151.82,139.79,130.51,120.88,108.17
79.26,89.07,98.41,108.41,117.39,126.12,133.21,147.87,155.32,161.31,168.18,177.10,187.00,190.16,195.30,203.93,211.15,219.54,225.02,231.31,241.22,248.48,255.03,262.09,264.88,270.75,274.49,266.36,267.07,261.05,256.70,250.59,243.13,241.05,233.32,227.61,220.99,214.87,211.07,203.44,201.53,191.09,183.64,177.80,170.46,158.26,148.33,140.81,130.86,122.97,111.32,99.49
74.20,83.52,92.70,102.08,111.00,119.28,126.46,140.73,145.78,153.71,160.86,168.08,173.53,180.31,185.01,193.28,198.60,207.54,212.62,219.16,228.55,234.97,242.64,246.83,250.84,256.60,258.09,252.22,251.29,249.06,243.18,236.10,231.22,229.49,221.00,214.55,210.20,203.55,198.91,192.11,188.80,180.81,174.56,166.64,161.32,149.31,141.17,132.02,123.71,115.88,106.48,93.72
84.39,98.49,105.95,116.39,128.41,135.77,146.24,157.50,167.05,174.83,183.48,190.42,198.22,205.77,212.87,221.12,227.43,235.77,242.64,249.61,261.12,268.56,277.04,279.29,286.88,290.04,290.26,290.11,283.56,278.04,275.48,266.38,261.36,256.60,249.33,241.46,236.78,230.49,223.65,217.81,211.40,204.94,195.24,186.60,181.46,169.84,162.27,151.38,138.74,129.03,121.82,109.29
85.71,99.01,104.92,113.22,124.53,136.44,142.44,156.20,164.79,171.61,181.65,188.83,195.92,203.04,209.58,218.00,226.74,233.91,242.10,249.20,261.73,267.82,275.14,281.10,284.99,287.67,292.10,287.09,284.54,280.20,275.96,270.57,262.15,255.39,247.97,243.30,237.17,231.32,225.74,215.52,211.29,204.25,195.18,185.06,179.42,166.68,159.30,146.77,137.93,128.32,118.66,105.19
79.51,89.29,94.92,104.64,112.64,122.54,128.80,141.16,148.00,154.05,163.68,169.74,174.41,184.74,187.41,194.61,202.04,207.56,216.54,222.64,229.68,235.76,243.98,248.65,252.83,255.12,256.98,254.43,252.52,245.90,244.08,236.65,230.21,224.84,222.14,216.00,207.20,201.32,197.49,190.60,186.68,180.69,170.41,161.51,156.00,146.24,136.57,127.88,120.07,110.79,104.66,93.43
86.98,99.14,106.89,118.60,128.13,138.19,144.55,166.71,172.17,177.10,184.94,196.16,203.91,208.17,216.72,225.97,234.09,246.45,253.92,259.94,271.27,280.30,289.25,296.12,300.96,305.04,307.77,300.71,300.57,295.60,292.00,283.10,275.63,271.53,263.53,256.63,250.34,242.99,238.32,227.04,221.82,212.25,204.62,195.13,185.31,171.17,162.52,151.49,139.98,131.32,119.27,107.47
81.22,93.17,102.93,112.41,119.37,129.39,138.29,153.95,163.17,168.44,176.23,185.98,191.47,197.94,204.79,215.26,222.14,233.21,239.85,246.38,255.33,264.47,271.65,276.65,281.89,290.49,291.37,282.11,282.73,277.25,275.63,268.81,260.85,257.66,250.83,243.26,234.55,228.98,224.84,216.93,210.09,200.72,192.34,183.70,176.95,162.11,152.43,143.22,133.60,123.79,111.40,100.96
81.34,92.27,99.36,108.41,117.63,127.42,136.19,148.95,154.08,160.08,171.21,177.99,183.88,190.41,196.70,204.83,211.55,218.83,225.04,234.05,241.30,249.57,255.45,263.07,266.90,268.67,270.90,266.10,265.81,259.04,257.66,247.80,242.13,238.25,230.87,226.35,220.19,212.40,208.40,198.83,197.01,190.26,179.63,173.28,165.53,154.98,148.53,139.29,128.56,119.55,109.71,98.23
83.86,95.77,104.35,113.84,121.07,132.97,142.43,153.81,164.78,168.86,177.80,187.45,192.63,199.01,203.92,213.69,222.19,232.00,240.30,243.52,254.24,260.60,270.09,273.76,279.01,283.62,284.93,278.98,279.08,272.35,271.04,262.91,254.95,250.57,245.35,238.52,232.05,222.70,220.62,212.53,207.62,197.65,189.04,181.04,174.07,160.80,152.51,142.84,134.66,125.32,112.89,101.98
90.80,102.26,112.07,121.79,131.86,143.00,150.57,166.46,173.67,181.82,189.53,199.46,206.90,212.00,218.60,226.53,236.85,244.25,253.93,258.54,266.90,274.40,284.91,289.36,293.62,299.35,300.28,291.08,289.92,286.40,282.70,273.31,264.71,263.95,256.72,251.25,242.00,233.03,231.23,224.57,219.18,207.97,200.93,193.01,185.70,172.24,162.11,152.64,143.54,132.97,121.41,107.19
85.70,98.27,106.25,115.94,124.74,134.50,144.53,157.31,164.51,171.73,179.74,188.60,194.16,202.01,208.08,216.01,224.40,234.09,238.17,245.20,253.81,261.12,270.22,274.84,279.40,283.73,284.21,279.29,278.77,271.25,269.22,261.43,253.16,249.62,242.86,237.41,231.01,223.04,219.43,211.98,205.79,198.41,190.43,183.96,176.57,163.77,154.47,145.25,137.00,127.95,116.67,102.88
86.37,96.33,106.23,116.11,125.21,135.45,144.14,158.05,168.12,174.86,182.46,192.28,200.03,204.41,208.22,217.71,226.00,235.23,241.40,247.63,256.46,261.77,270.19,274.48,279.81,283.62,283.44,276.31,274.12,268.47,264.14,255.74,246.29,244.62,237.56,232.01,225.21,215.93,213.46,206.19,201.80,193.26,184.39,178.26,173.25,162.26,156.20,145.38,136.42,126.57,116.28,104.64
76.03,86.82,92.02,100.85,111.89,121.00,128.13,141.43,148.65,154.30,163.96,170.50,176.80,183.41,187.42,194.83,203.04,209.00,215.59,220.87,229.27,235.47,241.61,247.10,251.01,254.92,254.47,248.81,246.60,241.96,237.60,229.92,221.05,219.71,213.08,208.87,202.61,195.16,192.04,183.87,179.00,174.26,166.01,161.89,156.12,145.65,139.29,131.05,123.15,114.28,105.59,94.51
83.19,95.89,104.14,113.32,123.94,135.07,142.64,157.29,165.53,173.30,182.48,191.37,198.76,205.07,209.10,220.51,227.97,238.76,244.18,251.91,259.62,267.97,276.84,281.35,284.52,289.25,290.30,284.56,283.11,276.18,272.00,263.53,254.95,255.00,247.03,239.74,230.93,223.14,218.75,212.82,207.69,199.61,188.90,183.47,176.18,165.89,157.27,147.72,137.54,128.69,120.07,104.55
78.85,90.08,101.21,107.79,119.00,129.03,137.57,150.33,162.01,168.44,178.10,186.23,194.06,200.26,206.04,215.41,222.34,233.67,239.29,248.57,260.28,265.94,275.75,278.52,284.11,292.85,292.49,287.92,286.12,280.37,276.38,268.89,263.01,259.94,252.05,242.46,235.05,228.41,221.03,212.85,206.65,194.81,188.04,175.56,169.68,157.46,149.31,140.43,130.60,122.41,113.00,100.00
78.09,88.53,97.27,105.95,114.77,124.54,132.52,148.28,156.24,163.42,173.49,181.18,188.96,193.60,199.58,209.80,216.67,224.80,232.71,238.65,250.02,255.77,264.94,268.89,273.12,279.30,280.77,272.93,271.11,267.53,261.17,253.71,246.33,245.05,236.60,230.48,222.99,214.69,211.01,205.18,200.20,191.66,182.69,176.08,169.76,157.09,150.89,142.30,131.70,124.45,114.98,102.18
75.43,85.44,97.41,105.21,115.11,125.20,133.72,148.84,155.32,163.57,173.36,181.46,188.32,193.93,200.24,211.57,217.41,227.55,237.15,241.40,251.86,259.37,266.61,272.81,276.34,281.06,283.92,276.05,276.66,271.03,265.68,258.21,248.97,247.41,239.38,233.79,225.73,217.35,212.98,208.74,203.36,194.54,186.70,179.51,173.01,161.37,153.84,143.54,136.18,125.80,115.74,103.41
76.37,86.35,95.19,105.89,114.13,124.42,133.06,147.72,156.63,164.76,173.66,184.56,190.52,196.33,202.30,212.25,222.52,231.35,238.38,244.07,255.48,263.29,273.78,277.52,279.87,289.09,288.88,283.99,282.21,278.24,271.35,265.16,257.07,257.16,249.38,241.63,234.16,225.73,220.64,212.92,209.32,198.37,192.00,185.15,178.14,164.81,156.00,146.81,137.91,129.69,117.15,106.10
76.12,86.76,97.95,107.35,115.28,125.51,135.38,150.00,157.81,167.43,177.23,186.94,191.76,199.90,205.65,217.37,223.29,233.26,242.03,248.16,260.20,269.43,278.35,282.66,284.96,294.21,295.02,288.78,286.30,284.08,277.01,271.15,262.29,259.88,253.67,244.50,237.59,228.54,225.21,220.23,212.25,205.27,195.86,189.13,182.04,168.27,161.94,151.61,143.13,133.84,121.93,110.32
78.23,88.02,96.90,106.89,117.21,127.58,135.51,150.23,157.65,165.05,179.79,185.56,193.26,201.85,205.76,217.70,225.57,236.21,243.21,251.07,263.59,269.54,280.92,284.69,290.34,294.88,296.59,292.20,289.25,284.48,280.64,273.78,264.68,261.61,254.40,248.10,240.61,232.62,228.40,219.57,214.52,207.87,195.50,190.43,182.78,171.33,164.71,153.58,143.40,133.46,124.20,111.73
77.83,88.81,98.41,108.47,116.81,128.46,137.18,153.95,161.25,169.26,178.71,188.80,196.03,202.70,207.50,220.17,230.77,240.85,249.66,252.83,265.10,274.96,283.83,289.55,293.47,299.64,300.60,296.53,296.49,292.38,285.00,278.51,268.92,266.81,259.23,252.12,244.68,236.93,232.03,226.77,219.79,211.01,202.41,195.14,187.42,174.91,165.42,156.42,146.69,136.56,127.01,114.63
75.74,86.68,93.98,100.42,114.13,122.00,130.87,144.25,154.86,161.01,172.39,179.45,187.13,192.51,200.14,209.77,218.66,224.54,232.90,242.64,252.87,261.64,271.15,275.50,279.45,284.63,286.44,282.45,281.11,273.39,270.96,265.38,257.26,252.45,246.86,241.13,233.98,225.41,221.58,212.91,207.28,201.64,190.59,186.04,177.99,166.21,160.63,149.46,139.59,128.88,122.41,108.37
77.79,86.59,92.97,103.59,115.41,124.79,130.87,145.17,153.64,161.07,172.96,178.97,187.21,193.38,199.28,210.38,216.67,225.04,231.95,241.13,251.60,259.94,268.16,273.80,277.33,283.01,284.54,281.40,279.03,271.88,269.09,262.99,255.64,251.41,243.96,237.08,230.63,223.81,220.86,211.05,205.55,200.19,188.10,185.15,178.62,165.71,159.46,149.35,140.24,128.22,120.15,108.41
76.85,87.02,95.13,102.04,113.60,123.99,132.19,147.41,154.95,161.21,172.15,179.95,187.11,193.72,199.32,209.16,219.44,227.04,232.57,241.92,252.45,262.77,270.03,273.00,279.34,284.62,285.39,282.96,279.72,273.16,269.71,263.05,256.11,252.24,245.49,239.74,232.85,225.39,221.17,213.51,207.48,202.09,192.23,186.30,179.20,168.08,160.60,150.42,141.23,130.18,121.05,108.63
74.25,85.16,91.29,101.87,112.61,122.44,130.75,144.52,153.21,161.01,172.36,178.07,185.71,194.49,200.00,209.51,219.35,225.08,235.54,242.16,254.28,263.30,271.22,276.94,283.24,286.30,288.18,286.57,283.09,276.52,273.66,265.23,257.12,253.84,246.22,238.42,232.82,224.80,219.79,210.62,205.68,199.83,190.00,183.83,177.13,165.89,157.38,148.06,137.83,126.32,119.97,107.00
74.97,83.60,93.15,101.13,112.18,123.04,131.03,145.65,153.03,159.76,171.23,178.71,185.40,191.85,199.54,210.24,216.45,228.55,235.32,241.05,252.34,261.96,270.68,274.49,280.40,285.80,286.75,282.20,280.86,274.19,270.90,263.12,254.75,252.72,244.70,235.64,231.19,222.87,217.30,210.95,207.20,198.43,189.31,182.53,176.64,163.81,154.81,146.10,137.71,126.91,119.23,107.00
75.03,85.70,94.05,103.77,111.40,123.04,131.50,146.70,154.47,163.82,171.27,181.11,189.47,193.79,200.86,212.26,220.23,229.21,239.17,243.07,254.26,265.94,274.97,277.68,283.62,286.93,290.66,285.03,283.75,275.63,272.07,264.85,256.22,254.16,247.89,238.56,232.17,223.65,219.67,211.98,207.15,199.18,189.24,183.13,177.25,164.30,156.47,145.62,139.09,126.67,119.64,105.31
77.99,88.09,93.19,103.82,114.28,125.10,132.46,148.49,155.82,164.15,173.00,179.81,189.93,195.73,203.53,214.14,222.00,231.62,241.25,246.50,256.60,267.59,274.72,279.64,285.33,288.21,291.74,288.46,283.29,279.43,276.74,266.17,257.84,253.33,246.29,240.30,232.55,226.89,219.04,212.17,208.66,201.72,189.84,182.00,176.47,164.78,156.67,146.69,138.60,127.99,119.36,107.04
79.21,89.56,98.01,109.12,119.24,129.45,138.92,154.49,163.00,170.58,182.39,189.08,198.80,204.22,212.19,221.14,231.35,245.11,251.25,257.07,269.88,278.47,287.33,292.25,297.41,303.53,302.50,298.53,294.44,288.67,285.00,277.52,267.23,262.88,254.21,246.98,238.21,232.36,226.05,216.79,211.12,204.16,194.86,186.95,180.01,168.24,160.72,148.68,139.36,130.17,120.90,107.86
75.17,87.21,94.07,103.08,111.07,122.09,131.50,147.46,155.54,164.00,172.82,180.47,188.86,194.37,203.11,213.26,223.51,232.02,239.42,246.22,257.26,266.32,272.89,276.54,283.86,287.69,290.34,284.31,281.28,276.52,271.29,263.12,253.21,249.02,241.92,234.01,226.81,220.49,214.27,207.63,200.36,193.13,184.72,175.07,170.88,158.52,150.43,139.79,131.70,122.92,113.02,99.40
75.21,86.35,96.33,105.00,111.80,124.48,132.02,148.55,157.44,164.44,174.91,182.73,191.64,197.61,205.34,216.13,223.43,232.86,241.10,247.34,259.46,269.42,274.80,279.40,285.55,291.32,291.73,285.66,282.41,276.46,271.81,263.80,253.79,250.68,241.81,232.97,227.56,217.56,212.01,203.96,200.38,190.00,183.29,174.23,167.72,156.47,148.22,137.56,128.76,120.81,110.39,99.16
74.52,85.38,95.19,104.69,113.90,124.08,133.18,149.03,158.22,164.84,174.14,182.36,191.80,197.59,203.25,215.59,223.09,235.19,243.02,248.50,260.03,268.02,274.40,280.28,285.58,288.76,290.88,285.94,281.71,277.00,271.83,261.59,252.24,248.05,238.85,231.57,223.22,215.93,208.25,204.71,198.25,189.71,181.99,172.31,166.29,155.72,145.17,135.69,127.91,119.55,109.55,95.71
75.43,85.80,92.20,101.02,108.26,120.97,130.74,147.17,153.57,161.31,173.07,179.63,188.81,197.49,203.12,215.06,225.40,234.80,244.82,250.00,263.60,272.74,281.26,285.95,289.03,293.52,292.25,287.85,282.85,278.31,268.78,260.53,249.03,239.55,232.65,220.57,212.34,204.32,196.80,186.30,180.88,172.70,162.86,153.65,149.05,139.28,131.24,121.81,115.95,106.21,99.30,89.05
75.15,85.05,93.54,99.81,110.44,122.33,132.50,147.65,156.54,162.09,172.86,181.01,191.48,199.16,207.42,218.45,227.11,236.93,246.43,253.24,264.85,274.88,281.63,289.00,293.42,296.74,294.33,289.75,288.01,280.14,273.56,261.30,249.88,243.82,233.83,222.99,214.01,205.55,198.02,188.56,181.95,174.26,164.35,155.17,148.48,139.62,130.38,124.04,116.52,107.82,98.51,90.44
79.12,92.23,100.57,109.42,119.85,131.80,137.57,153.67,162.69,168.86,183.88,189.31,199.00,205.30,212.19,223.64,231.40,238.01,246.68,255.15,267.09,274.64,280.96,286.83,291.04,293.82,293.63,290.62,284.31,276.52,272.44,265.66,254.28,246.97,240.52,229.71,224.54,217.80,212.27,199.88,195.41,188.56,178.49,170.89,165.03,153.56,146.49,135.13,126.13,116.28,109.02,97.35
73.82,85.01,90.97,100.85,112.18,122.35,128.10,143.53,151.60,157.70,169.50,175.48,183.37,192.94,198.02,208.89,213.97,223.18,229.65,239.27,251.68,259.12,264.71,269.61,273.16,276.52,276.13,272.61,269.74,260.28,259.04,251.10,239.38,234.78,223.86,219.83,211.62,203.81,197.96,185.91,182.02,175.68,164.45,158.53,152.71,141.23,136.08,125.78,116.43,109.02,100.96,91.08
72.53,83.49,91.01,99.62,108.47,119.24,125.25,141.16,148.68,154.94,165.75,173.95,182.00,188.74,193.13,204.29,211.15,220.66,229.27,235.08,247.80,252.60,259.66,262.76,269.46,272.80,273.42,264.59,262.83,256.46,252.21,244.72,234.72,230.63,221.00,213.30,206.02,198.31,195.56,185.00,178.89,171.09,164.05,153.73,149.83,138.00,131.75,122.07,114.63,105.80,98.41,87.32
81.30,91.79,99.46,108.58,119.60,131.13,139.53,154.67,163.22,170.88,184.20,190.22,197.80,207.47,214.00,223.13,233.46,239.76,249.43,255.84,268.76,278.12,284.18,289.87,294.33,296.95,297.08,293.17,287.26,279.73,277.08,268.48,258.84,250.05,242.98,236.02,228.16,220.48,215.08,202.06,195.82,190.60,179.61,169.53,165.42,155.22,146.51,136.42,125.78,117.83,111.76,98.31
79.88,91.00,101.55,109.59,119.82,131.03,139.65,156.63,163.49,172.59,183.53,190.69,198.93,206.04,214.73,224.96,233.21,243.24,251.87,257.38,268.00,280.60,282.31,290.66,294.23,297.11,296.50,291.60,289.39,281.55,276.94,267.03,255.03,253.02,243.90,235.00,227.27,220.48,212.76,203.63,197.80,189.02,179.90,170.99,166.01,151.92,143.81,135.53,125.24,116.36,108.30,96.21
82.81,93.65,101.60,110.07,121.02,132.97,140.04,157.80,166.51,173.18,187.07,193.44,202.20,208.81,215.96,225.59,235.75,246.08,255.44,260.64,272.09,281.14,286.78,289.47,292.98,298.60,295.79,287.79,286.20,277.10,270.84,266.18,252.26,246.59,237.12,227.98,222.38,214.67,207.65,196.16,190.14,179.32,172.70,164.88,157.51,143.69,138.01,128.47,121.85,112.38,102.73,93.26
76.11,86.61,96.18,104.94,113.45,124.33,130.51,148.93,156.24,163.60,173.77,181.22,188.73,194.65,200.96,211.01,220.34,231.56,237.42,242.40,253.65,258.52,266.48,267.85,273.12,277.08,273.38,266.95,265.41,258.12,251.46,242.61,233.24,228.04,218.80,209.70,202.00,194.49,187.00,178.40,173.67,165.85,159.81,150.21,145.50,131.55,124.78,118.73,110.00,101.79,92.85,82.98
76.97,87.66,94.92,103.95,114.06,124.35,131.75,147.05,157.43,162.86,173.79,180.16,188.88,195.09,202.20,212.90,220.20,229.27,235.92,243.83,252.74,260.27,264.56,267.05,272.84,276.34,274.12,266.56,265.48,255.67,251.53,243.83,232.11,228.95,216.15,208.63,202.68,194.15,188.10,177.34,173.97,165.59,156.82,148.06,142.41,132.00,126.29,118.00,109.00,101.83,95.19,84.12
79.51,89.49,100.44,108.89,118.36,128.44,137.21,155.24,163.36,169.25,182.22,189.93,198.31,204.52,211.81,220.64,230.87,238.54,249.13,252.01,265.22,270.82,279.32,283.21,287.24,293.49,289.36,283.05,278.15,272.59,264.68,257.61,245.59,241.06,231.95,223.04,215.18,206.90,201.21,189.62,186.81,176.92,170.14,161.94,154.54,142.95,134.71,123.76,118.87,109.48,100.69,88.62
80.06,91.08,100.45,110.42,120.15,130.67,138.06,156.08,164.60,171.40,181.80,191.42,199.53,204.27,212.92,220.78,230.05,240.17,249.80,254.23,262.99,270.12,276.35,280.61,283.30,284.56,279.20,276.12,271.43,263.97,255.49,249.61,235.52,228.98,218.52,210.88,203.23,195.00,189.61,179.63,173.97,165.89,158.01,149.72,144.06,132.64,126.09,118.26,110.34,102.96,96.25,84.22
79.92,92.00,98.27,107.42,120.04,129.65,138.31,154.30,162.29,169.19,181.80,188.73,197.31,205.08,213.62,221.68,230.98,240.20,246.91,253.13,262.99,271.25,277.08,282.23,287.22,287.42,284.18,283.17,278.48,270.18,265.03,255.36,242.54,234.96,226.34,217.72,211.22,203.49,196.47,186.32,181.11,175.11,164.37,157.31,150.08,139.18,132.23,121.84,116.18,105.38,99.46,89.49
79.20,90.35,96.15,106.23,117.11,127.94,135.68,152.54,159.20,166.74,180.28,187.77,194.52,203.49,210.21,219.83,226.87,237.00,244.25,251.24,261.72,267.82,274.05,278.15,282.60,285.05,281.44,276.38,274.01,263.10,259.38,251.08,238.68,232.54,221.14,214.36,207.00,199.53,194.81,182.48,175.41,169.06,160.11,151.82,147.57,138.40,128.23,120.51,111.43,105.42,97.62,88.10
79.18,89.47,98.73,107.06,118.30,128.84,139.52,154.31,162.41,171.75,180.70,190.59,198.04,205.65,211.85,222.02,231.93,239.27,249.58,252.98,262.61,271.81,276.15,281.58,283.14,288.27,284.29,278.96,274.77,267.53,258.80,250.34,236.54,235.05,223.46,214.16,205.65,198.04,190.68,182.46,176.39,168.47,158.83,151.98,146.66,136.03,127.77,122.10,112.16,104.08,97.80,86.65
78.01,87.92,95.08,104.35,115.28,125.17,134.48,148.97,157.08,162.25,173.18,182.12,190.39,195.04,203.10,210.20,217.59,225.53,235.57,238.89,249.58,254.17,260.43,262.55,267.51,268.20,263.91,258.86,253.57,245.49,241.13,229.92,222.19,213.79,207.45,197.74,191.61,183.44,176.69,167.04,164.71,157.27,148.22,141.16,136.61,128.38,122.33,115.04,106.53,97.58,93.38,83.44
75.50,86.41,93.81,103.08,113.72,124.62,131.21,146.45,153.77,161.93,173.67,180.58,188.62,197.13,204.71,214.11,217.81,227.55,236.10,240.30,252.39,258.44,261.20,266.00,272.12,270.90,268.01,262.91,259.62,249.13,244.44,236.65,224.96,214.67,205.70,198.60,194.59,186.60,181.96,168.75,163.88,158.22,149.16,144.01,137.80,126.59,121.51,113.53,106.48,99.16,91.79,84.08
79.10,89.90,97.74,107.56,118.07,129.08,139.34,155.17,164.00,172.04,183.83,192.27,201.06,208.57,216.64,227.59,235.59,244.84,252.23,258.09,265.48,275.39,279.03,283.86,287.92,288.17,285.63,277.97,274.04,264.27,258.49,248.28,236.14,226.28,215.61,206.52,201.25,193.66,186.43,174.47,168.32,161.97,152.95,147.09,141.83,130.97,125.00,117.95,110.75,102.47,97.42,86.02
74.30,84.40,91.44,101.43,112.36,122.41,130.97,145.83,153.57,160.26,173.07,179.95,187.45,195.51,201.80,210.76,217.19,226.26,234.09,240.05,250.05,255.57,259.12,263.08,267.90,270.98,266.61,260.16,257.26,250.20,245.06,236.61,225.70,217.80,209.02,201.22,194.14,187.21,181.07,171.01,166.03,160.21,151.17,145.28,139.81,130.83,123.98,116.21,108.78,101.24,96.18,85.01
80.21,90.96,99.50,110.02,120.24,131.59,140.43,157.10,166.42,174.64,185.87,191.88,200.32,208.87,216.52,225.14,233.28,242.84,249.63,257.30,268.26,275.77,281.44,287.06,289.84,293.01,290.68,287.36,283.75,275.96,273.02,262.35,250.53,244.17,236.03,229.54,223.18,215.23,207.14,200.04,193.13,188.61,179.51,171.49,165.87,154.83,147.11,136.89,127.88,118.36,111.61,100.70
77.06,89.00,97.31,106.61,117.72,129.77,137.91,153.12,163.62,169.73,181.14,188.77,197.25,206.23,213.02,223.38,228.60,238.38,244.81,252.24,261.89,269.80,272.37,278.00,282.82,283.13,280.47,273.53,272.69,262.03,259.33,250.30,238.45,230.52,217.38,213.14,205.92,198.04,194.01,182.79,178.07,169.01,160.86,152.69,147.96,139.09,133.06,123.66,115.43,109.18,102.62,92.65
79.32,91.00,101.02,109.59,119.51,130.67,141.44,156.24,165.05,172.49,184.17,191.86,199.16,208.03,214.03,223.18,230.36,239.63,248.81,252.63,262.23,271.03,274.05,277.46,282.33,282.93,279.69,275.18,270.77,262.50,257.94,248.71,236.32,230.24,218.59,213.53,206.47,196.90,192.92,181.76,176.65,169.45,161.62,155.08,149.35,140.94,133.45,127.88,117.27,111.02,103.08,93.01
81.04,91.40,98.05,105.48,117.27,128.72,137.93,155.65,164.94,170.32,182.39,191.46,199.49,206.24,214.22,223.01,231.72,241.07,247.81,255.28,264.74,272.37,277.16,282.21,287.31,287.54,285.67,281.38,277.04,269.99,264.58,257.26,243.67,239.55,227.80,220.31,215.14,208.33,202.48,191.86,188.06,182.04,170.47,164.48,158.03,148.03,141.90,133.54,123.37,115.52,109.81,97.08
79.98,92.18,103.45,113.28,124.15,134.74,145.45,162.54,173.42,180.94,191.90,200.82,210.16,216.61,223.06,232.22,243.31,251.45,260.25,262.19,271.92,275.02,282.94,283.78,287.70,289.08,285.73,273.91,267.66,262.91,250.78,242.77,227.71,224.61,211.57,200.09,193.28,185.61,178.55,169.16,163.05,155.36,150.22,142.13,138.32,127.56,121.84,113.44,108.58,103.09,95.13,84.90
77.78,87.66,99.13,107.12,117.41,127.39,136.50,154.98,162.98,171.83,181.42,189.76,198.24,203.38,208.41,217.50,228.53,236.32,245.84,248.77,259.26,267.16,275.02,277.42,278.47,283.39,281.44,275.62,270.00,267.30,259.33,250.23,240.48,234.10,226.57,217.26,211.46,202.39,197.80,190.79,184.79,177.79,171.83,161.62,159.18,146.51,139.85,131.24,124.10,114.91,107.42,96.51
79.08,89.89,98.41,109.62,119.51,130.46,140.09,156.16,162.25,171.33,181.40,190.12,198.00,204.52,211.87,220.00,228.74,238.52,246.66,249.02,259.88,264.32,268.12,274.64,277.00,278.00,277.89,270.42,269.86,259.09,253.62,245.17,232.97,227.49,217.11,211.02,202.07,197.69,191.02,182.66,180.22,170.18,161.76,153.47,148.93,139.27,133.24,125.87,118.85,112.93,103.28,93.56
79.43,90.51,98.66,109.38,119.62,130.19,140.16,154.16,164.51,170.39,183.33,191.46,199.21,206.29,211.60,220.86,225.87,237.42,245.12,249.33,258.86,264.74,268.93,274.09,276.76,277.52,274.93,270.66,266.48,257.82,253.03,243.46,233.00,224.40,216.23,210.06,204.86,194.50,191.93,179.80,176.34,170.04,161.89,151.16,149.50,141.29,135.35,125.80,117.39,107.56,104.05,94.70
78.82,91.09,99.64,108.93,118.85,129.65,138.18,155.32,162.02,172.00,182.72,191.88,199.97,204.30,211.82,222.14,228.54,236.91,243.82,250.70,260.07,267.23,271.50,275.63,278.55,280.08,277.35,273.99,267.44,261.20,254.13,244.08,235.92,226.63,217.86,211.60,203.07,196.60,192.84,181.95,176.00,170.88,161.06,153.44,149.48,141.35,134.01,125.14,117.89,110.14,104.40,94.63
77.25,88.53,99.04,109.33,117.78,129.53,138.13,155.79,164.05,170.88,181.14,190.44,199.48,204.92,209.77,218.43,227.55,237.66,243.40,247.00,257.24,263.70,268.84,272.85,276.87,278.88,276.50,268.84,265.84,258.86,252.44,243.82,231.58,230.05,218.41,208.17,205.06,195.45,191.44,184.44,178.89,171.29,165.02,156.52,154.32,142.23,135.94,128.60,119.27,114.48,106.22,94.76
77.83,90.55,99.02,108.23,118.12,130.02,137.71,155.08,163.69,170.65,180.47,190.34,196.03,204.02,207.69,219.37,225.79,235.09,241.21,246.44,256.13,260.43,267.08,269.26,272.36,278.00,274.13,265.93,263.71,256.28,249.82,240.13,230.84,227.11,216.09,207.93,203.35,195.24,190.26,182.12,177.05,169.09,164.20,155.19,152.43,142.05,137.10,129.63,120.49,110.86,105.36,94.37
79.93,91.22,101.59,110.00,121.50,132.41,141.66,160.38,167.84,175.23,187.83,195.88,204.48,211.62,217.37,227.37,234.64,243.31,252.29,256.42,266.09,272.34,277.89,282.01,285.55,290.51,286.15,278.69,273.12,264.89,258.54,253.71,242.17,236.22,225.20,216.63,212.58,203.08,197.74,188.47,184.39,176.83,169.32,159.77,158.45,147.53,142.21,132.22,123.71,116.02,109.17,97.94
77.49,89.87,98.05,107.20,119.22,129.81,138.41,153.40,163.13,169.03,181.66,189.87,197.94,203.96,211.01,221.02,227.30,235.59,244.23,250.28,258.27,265.69,269.22,273.48,278.11,279.03,275.75,271.88,268.02,258.37,255.84,245.58,233.33,228.43,216.59,210.24,205.80,197.00,191.76,183.36,178.63,175.21,166.01,158.15,153.72,144.92,137.00,129.99,122.12,113.18,107.52,98.35
77.47,88.46,97.95,108.05,119.07,130.08,139.99,154.84,164.20,172.05,181.71,191.09,198.01,206.94,212.00,221.65,229.96,238.81,243.53,250.19,259.09,266.69,270.65,275.09,279.18,279.42,277.28,270.51,269.36,261.17,255.05,248.24,234.44,228.32,218.68,212.85,205.36,198.08,192.96,183.44,180.88,174.81,166.39,159.80,154.84,144.50,139.27,130.78,124.31,113.95,107.00,97.08
79.91,91.21,100.42,111.02,119.55,131.40,141.99,155.39,164.98,172.57,184.09,191.13,199.58,206.60,214.05,222.04,230.36,237.14,246.01,249.93,260.25,265.50,270.17,273.00,278.62,279.61,277.71,269.41,268.84,258.03,256.26,245.35,235.16,230.05,219.13,214.06,209.57,199.06,194.37,185.33,183.22,170.67,169.36,151.80,117.61,144.37,141.03,134.24,124.68,117.32,110.02,99.41
76.84,88.01,95.00,105.95,117.88,129.63,136.19,152.01,160.00,168.43,178.89,187.42,194.91,203.69,209.67,219.97,225.08,236.24,242.53,248.24,257.62,264.09,267.43,274.12,277.01,279.03,276.52,271.01,266.95,257.26,255.34,246.62,234.52,226.15,217.59,212.15,207.16,199.45,193.83,185.92,179.95,175.41,166.74,159.54,156.24,146.77,141.90,132.38,123.85,114.56,108.85,98.18
77.41,89.38,96.77,106.48,117.38,128.55,136.93,150.44,160.72,166.97,177.05,186.97,193.77,201.56,207.37,217.14,222.99,232.23,237.26,245.20,253.03,259.33,263.19,269.88,273.70,273.09,270.45,264.12,262.52,252.98,251.15,241.78,230.63,225.57,214.28,209.89,203.59,197.95,193.13,184.57,179.84,173.99,166.43,161.23,156.19,147.49,141.52,133.00,125.40,116.73,109.33,98.41
80.16,93.48,102.46,111.29,123.42,136.47,144.00,161.24,169.33,177.41,189.50,198.30,206.49,215.42,222.30,231.05,239.30,248.65,253.58,261.47,270.39,277.52,281.31,287.08,289.91,290.61,289.06,282.18,280.17,267.71,264.09,255.03,241.28,235.79,224.12,217.97,210.77,204.96,199.41,187.84,184.44,179.47,170.31,161.79,159.33,149.65,144.37,136.24,127.58,118.38,113.57,102.14
75.17,87.56,95.85,104.62,117.07,127.41,136.62,149.93,160.23,166.01,180.21,185.39,194.65,200.96,209.24,216.69,224.54,231.31,241.42,245.12,255.38,263.39,266.74,272.07,274.87,278.68,275.12,270.65,266.65,259.38,252.68,243.40,235.84,228.12,219.86,213.78,207.56,201.31,197.28,186.34,181.22,176.69,167.87,160.85,156.16,149.72,143.56,134.08,126.06,116.93,111.89,98.98
77.52,90.34,100.60,110.42,120.21,131.40,141.60,157.50,166.42,175.82,185.92,196.24,204.92,210.83,217.04,226.01,236.91,243.65,251.62,257.87,264.85,272.66,277.11,282.45,284.04,288.88,284.25,278.17,275.44,268.17,258.94,252.38,239.38,234.87,224.36,218.30,210.89,203.97,198.60,192.26,186.32,177.02,172.28,166.36,160.31,150.72,143.28,134.79,127.95,119.36,111.95,98.95
75.43,85.62,95.21,104.69,115.69,126.25,134.73,150.70,160.70,166.46,178.62,185.32,194.09,201.78,208.49,216.72,223.65,230.29,239.55,243.74,252.72,258.86,264.68,270.12,272.28,274.78,269.94,265.54,261.09,253.54,248.49,238.90,228.74,222.27,215.47,206.96,201.81,194.65,190.42,180.29,175.14,173.73,164.02,156.44,154.03,145.62,137.36,131.23,121.31,113.02,105.69,96.61
77.10,87.05,97.10,106.89,117.27,129.53,139.20,154.26,162.82,169.43,181.40,191.00,199.16,205.80,212.49,223.11,230.41,238.80,246.66,249.88,261.77,267.93,273.56,276.59,280.77,282.14,277.70,272.59,270.19,260.97,254.95,248.67,236.80,229.94,222.58,216.27,209.90,201.61,197.99,188.22,183.66,177.56,168.51,161.64,157.33,149.69,142.14,134.01,124.65,114.98,110.32,99.04
75.11,86.93,96.88,105.70,117.00,127.02,137.19,154.32,163.22,170.86,179.60,189.39,197.31,204.27,211.46,218.52,230.22,240.10,246.22,249.10,260.54,267.13,272.20,276.74,278.46,282.31,282.24,274.24,269.32,266.06,257.53,247.95,238.88,234.95,225.88,217.71,210.60,205.35,200.32,192.39,188.27,180.58,174.01,165.89,164.15,152.32,144.31,136.68,129.76,120.44,111.61,101.61
74.33,83.38,94.37,104.74,113.72,125.32,134.20,152.41,162.23,168.05,178.39,187.72,198.04,202.78,210.54,220.24,228.88,239.07,243.83,248.47,254.81,260.36,265.75,264.49,268.15,269.15,267.15,257.22,252.24,245.90,237.36,226.29,216.18,212.61,200.25,193.29,186.02,180.28,173.68,168.00,161.92,156.12,150.28,144.22,139.81,132.03,126.49,117.61,113.21,105.55,98.27,87.42
74.24,86.31,96.18,105.93,113.16,126.13,135.07,153.06,162.11,169.19,179.74,188.66,198.70,205.53,210.45,221.55,229.73,239.63,244.17,250.20,256.43,260.31,266.85,267.59,270.00,272.68,268.04,257.78,254.18,246.13,240.13,227.92,216.32,212.51,202.04,195.06,188.66,181.74,175.79,169.54,164.00,155.96,150.75,146.37,142.30,135.13,127.14,119.40,114.04,108.24,99.13,89.55
76.03,86.21,95.19,106.04,117.66,127.48,136.78,150.81,160.33,167.51,178.76,186.94,194.20,202.08,210.01,217.57,224.20,233.82,239.56,245.20,253.94,261.27,262.51,267.23,271.89,273.00,268.75,264.48,261.28,254.28,246.89,240.67,229.05,221.02,214.39,208.24,203.12,196.06,191.60,183.92,179.69,175.05,166.43,159.62,156.71,148.66,141.85,132.94,123.98,115.11,109.11,97.59
76.53,86.88,95.88,105.55,114.63,127.77,134.39,150.63,159.88,167.15,177.41,186.34,193.44,201.21,207.63,215.93,224.59,232.11,238.47,243.91,252.00,257.86,262.23,266.59,271.59,271.18,266.91,262.93,258.80,251.35,244.81,235.94,226.45,222.03,210.30,204.36,199.22,193.71,190.21,181.02,178.85,172.17,165.89,156.67,154.56,146.16,138.03,130.29,122.20,114.86,108.17,95.89
75.33,86.35,95.29,105.23,116.61,127.24,135.64,151.92,159.30,167.60,178.39,187.11,197.84,203.97,211.02,219.21,225.21,233.80,239.71,247.43,255.83,261.84,266.72,271.81,274.70,274.99,272.46,268.17,261.84,253.57,250.24,242.85,231.01,223.40,214.76,209.24,203.93,198.03,193.75,183.07,178.81,175.15,166.63,159.01,154.18,144.40,139.52,131.05,122.64,112.04,108.23,95.86
75.21,85.62,95.43,103.23,114.13,126.14,133.45,151.40,162.05,168.67,179.64,188.60,195.97,203.97,211.14,218.33,228.59,235.02,240.61,247.20,255.93,262.50,267.09,271.35,276.27,275.77,272.62,268.24,262.91,256.53,250.50,242.87,232.11,226.01,215.56,211.01,203.77,199.45,194.74,186.78,181.47,172.65,166.94,162.19,154.74,147.51,138.35,131.24,123.41,114.39,107.35,95.67
73.74,84.40,96.33,104.65,113.72,125.40,135.06,152.55,161.14,170.21,179.75,189.78,198.50,204.38,210.92,218.63,228.98,236.02,243.98,246.03,254.28,259.79,265.70,263.80,271.01,271.09,267.03,260.49,257.24,250.00,240.86,233.70,224.36,218.79,208.28,201.32,193.75,188.92,184.70,177.23,172.41,165.89,158.20,152.07,148.69,138.92,132.61,125.16,119.10,110.14,104.02,92.11
72.56,85.01,95.38,104.31,114.53,126.09,134.83,150.88,160.70,168.75,180.18,187.07,196.12,203.86,208.52,217.95,225.66,233.04,240.63,246.01,256.46,262.45,265.80,269.90,275.26,275.97,274.24,266.11,262.57,252.72,248.36,241.01,229.71,227.02,217.49,210.09,204.38,198.20,194.76,184.61,178.51,172.18,166.00,157.44,155.42,145.77,137.44,131.10,123.32,114.02,104.92,95.35
72.80,84.40,94.53,104.28,113.16,124.33,135.06,152.47,158.82,167.63,178.24,187.13,196.21,202.39,209.15,217.50,224.36,234.09,241.17,244.79,254.88,260.32,266.18,268.40,272.33,275.88,274.30,264.00,260.89,255.18,247.89,240.16,231.84,228.01,216.45,209.80,203.50,198.40,192.42,185.13,181.21,174.05,168.50,158.69,155.65,145.62,137.83,129.06,124.26,115.95,104.94,96.26
69.89,80.23,91.98,99.76,109.04,120.70,128.14,143.89,154.83,161.45,170.65,179.94,189.08,194.74,201.16,209.55,217.18,226.15,232.81,236.48,244.50,252.26,255.78,259.42,261.93,266.02,262.65,254.39,251.56,246.01,238.11,233.43,222.32,220.37,210.01,203.58,196.82,190.42,185.30,177.49,174.64,167.33,160.86,153.39,149.16,139.29,133.84,126.13,119.82,110.45,102.61,91.79
71.11,81.99,92.01,100.72,107.91,120.00,129.50,147.03,154.83,160.61,172.49,179.80,188.92,195.48,201.11,209.47,220.48,226.11,232.73,236.48,246.48,250.59,256.98,259.61,262.19,268.37,262.23,255.20,253.15,248.07,243.25,233.42,222.89,221.20,212.60,203.69,197.00,191.23,187.83,179.14,174.42,167.73,163.08,154.29,151.16,140.12,134.20,124.90,117.20,112.36,103.00,92.36
70.68,79.40,89.81,94.54,112.81,122.02,131.73,144.31,153.21,161.74,175.29,184.44,187.88,195.87,204.30,210.87,218.29,228.27,232.70,238.65,247.99,255.69,258.77,264.28,265.09,268.38,263.73,259.98,257.95,247.19,244.61,238.12,227.31,219.51,212.35,204.73,199.58,193.13,191.34,179.23,176.23,170.47,160.33,156.18,152.49,141.74,134.95,127.31,117.62,110.11,104.56,93.47
70.26,82.42,89.05,98.73,109.20,119.51,127.77,144.01,154.05,159.01,171.19,178.14,186.94,194.25,200.44,207.63,216.93,224.64,229.53,236.91,242.66,250.05,257.24,258.33,263.10,263.10,259.54,255.60,251.53,243.82,239.72,232.18,220.84,217.49,206.41,202.04,195.86,190.38,187.13,177.43,172.80,166.03,158.40,155.36,148.93,140.12,132.02,124.33,116.71,109.44,101.82,90.80
69.26,80.80,89.90,100.18,109.55,119.85,127.06,146.49,153.47,161.64,171.82,180.35,189.11,195.90,200.96,210.44,217.92,226.64,231.62,239.14,246.29,252.42,257.07,259.48,264.17,266.63,263.75,259.02,254.02,248.01,242.06,235.87,225.16,222.74,212.55,205.73,200.85,190.98,188.10,180.85,176.67,167.86,162.48,155.88,152.83,142.14,134.10,126.15,118.93,110.44,101.92,91.55
66.85,79.40,87.42,97.05,107.17,119.71,128.80,145.77,155.22,161.07,173.67,181.29,189.61,198.34,204.96,214.08,220.27,227.44,235.36,241.03,249.30,254.78,261.77,265.48,270.51,271.06,268.20,264.97,259.48,251.40,249.10,239.00,229.62,224.16,214.97,206.04,201.68,195.58,191.91,181.16,174.83,170.88,162.11,157.70,152.61,142.62,135.72,125.92,117.62,108.37,103.00,93.23
71.17,81.61,88.53,99.14,108.08,121.40,129.47,145.09,153.55,160.11,172.24,179.40,188.72,195.82,203.42,211.09,218.84,225.44,233.45,239.38,246.97,256.10,261.73,267.47,271.40,272.39,270.96,267.32,263.58,256.20,252.60,245.08,237.00,229.40,220.66,216.12,210.32,202.25,198.08,187.24,184.72,179.32,171.05,162.86,160.06,148.55,141.91,133.24,122.67,113.00,107.78,96.18
72.84,84.20,91.44,100.50,111.00,123.97,132.14,149.27,157.95,164.83,177.48,184.89,193.50,200.04,206.32,216.54,224.61,232.46,239.38,246.22,255.43,262.07,268.69,271.45,277.48,279.86,278.36,273.89,272.81,263.87,258.70,252.51,243.32,237.54,228.14,222.91,215.80,208.17,204.60,195.16,191.97,184.62,176.01,168.60,164.05,153.10,145.58,136.06,127.41,118.71,110.91,98.79
70.01,80.45,87.46,98.01,108.41,119.07,126.19,143.59,152.63,158.50,169.31,179.45,187.18,193.19,199.28,207.99,217.83,224.59,231.04,237.23,246.26,254.01,260.34,262.41,267.48,272.52,268.29,264.26,261.28,252.44,250.23,242.39,234.61,231.81,219.11,213.81,208.66,201.72,198.09,188.79,185.61,177.28,170.49,160.61,158.22,146.66,139.95,130.60,121.04,113.90,104.81,95.77
70.26,81.02,90.27,98.41,110.00,121.34,129.45,144.55,155.00,162.94,173.08,181.22,188.05,196.60,203.16,212.95,219.20,226.92,233.43,239.84,251.31,256.28,262.83,266.32,270.71,274.71,272.87,266.25,266.87,257.42,252.29,247.31,236.95,233.11,224.36,215.20,210.52,206.25,200.12,189.53,186.94,179.61,170.88,163.53,158.14,148.92,141.51,131.24,124.63,113.65,108.67,96.94
70.18,81.01,90.97,99.32,108.78,120.25,129.69,146.51,154.64,162.51,172.59,181.20,189.28,196.60,201.31,211.12,217.95,226.06,235.29,239.15,249.90,256.84,261.96,267.17,270.93,273.83,273.70,265.82,264.56,257.45,250.58,245.49,235.31,232.61,222.79,215.52,210.04,203.00,199.90,189.66,185.27,176.53,172.20,163.36,158.14,147.09,139.27,130.97,123.60,114.07,105.48,94.54
72.25,81.61,89.82,98.49,110.05,122.00,128.55,144.01,153.65,161.53,174.01,181.57,190.56,194.88,200.52,210.89,218.30,227.13,235.72,238.85,250.39,257.27,261.69,266.10,269.01,274.33,272.06,266.87,263.39,257.95,251.08,244.66,235.85,231.68,221.92,213.93,209.65,201.80,198.96,189.17,186.22,177.28,171.03,161.99,158.81,148.37,141.01,130.38,123.33,114.76,105.38,94.83
72.35,81.74,88.57,99.32,112.02,123.31,130.18,148.95,156.08,163.44,175.07,183.58,191.27,198.22,205.39,211.99,217.71,224.15,231.97,235.85,239.53,245.84,250.94,252.19,255.05,256.67,251.47,247.68,245.12,237.39,231.04,222.46,214.67,207.76,199.20,192.63,186.82,181.82,179.23,167.20,162.41,157.31,151.20,145.21,138.54,130.73,123.98,115.73,109.60,100.81,94.02,84.38
70.94,80.28,89.11,99.02,109.88,120.30,128.84,144.56,153.44,159.51,172.24,180.00,187.83,196.40,202.05,209.39,217.09,225.49,232.65,237.69,246.25,254.24,257.74,263.64,268.26,269.77,268.48,265.07,262.67,255.14,249.51,244.68,232.94,229.09,219.91,212.34,206.55,201.42,196.22,187.01,183.36,176.78,168.24,160.26,157.00,145.40,137.64,130.05,121.12,112.70,104.92,94.70
67.03,80.53,92.11,99.08,107.07,117.63,128.39,146.26,153.39,161.72,172.63,179.55,188.92,193.21,199.30,208.61,216.46,224.18,232.25,235.93,246.33,252.29,258.19,262.97,265.71,270.89,270.41,260.97,259.62,254.10,247.76,240.35,232.13,228.16,219.92,210.58,205.92,199.58,196.06,188.09,182.12,173.46,167.36,161.64,156.37,144.31,137.57,127.48,120.93,112.29,104.06,93.23
72.24,82.10,90.71,99.32,109.34,121.08,127.48,145.83,153.48,160.38,170.52,179.40,186.34,193.44,200.85,208.92,218.55,223.75,232.59,237.35,246.08,252.16,257.10,262.73,265.17,269.16,267.05,262.19,261.85,254.88,250.45,241.42,231.28,226.93,217.28,212.32,206.90,199.57,193.69,188.04,182.63,175.91,169.43,160.23,156.12,145.01,137.10,127.77,119.51,112.49,104.22,93.26
72.03,81.02,88.39,99.01,109.17,121.12,128.55,142.58,152.45,158.42,169.99,177.34,185.13,191.67,198.40,207.18,213.93,221.73,229.17,234.87,242.26,249.28,254.77,258.52,265.73,265.37,264.62,261.22,257.77,250.07,247.43,238.17,229.21,223.99,215.19,210.79,203.93,196.31,193.83,185.32,180.62,174.93,166.19,158.93,153.00,144.55,137.93,127.48,121.26,111.32,103.48,92.66
70.60,82.22,88.96,100.00,108.23,120.30,127.48,144.31,151.16,159.77,170.00,176.16,185.31,191.47,197.95,205.97,214.16,222.77,227.71,235.05,242.46,247.68,255.05,262.07,264.28,266.99,263.87,261.04,257.62,247.63,248.16,240.35,228.67,224.29,214.11,209.61,202.20,196.54,193.31,184.39,180.01,172.80,166.98,158.70,151.80,143.38,136.47,126.67,118.60,110.22,103.16,92.62
78.01,88.54,97.02,107.97,117.89,131.05,139.13,155.72,163.87,171.82,182.73,192.11,200.26,207.17,216.54,224.02,230.22,239.35,246.78,255.57,263.21,272.57,275.18,281.10,287.09,286.81,287.14,280.92,280.64,271.31,269.27,258.52,247.62,241.96,231.23,226.86,221.72,214.97,208.37,198.59,194.55,185.27,178.99,170.34,165.68,156.31,147.41,138.93,128.23,121.20,109.64,101.49
74.33,87.66,95.96,105.23,115.39,124.54,134.45,149.81,157.00,164.14,175.50,183.36,192.35,198.98,205.06,214.11,218.60,229.46,235.14,239.64,246.81,256.85,257.61,263.69,266.63,270.93,265.73,262.84,262.97,252.07,249.24,242.17,229.75,225.14,217.60,210.32,205.65,198.41,194.66,186.66,180.85,174.14,166.81,159.62,153.31,145.34,137.32,131.24,120.42,112.45,104.75,95.21
68.01,77.41,87.32,95.00,104.24,114.83,120.51,138.50,145.34,152.64,162.69,171.13,177.75,183.39,190.28,197.57,204.94,211.03,219.57,223.39,233.42,237.76,244.39,247.68,251.19,253.16,252.20,248.21,246.01,240.61,235.67,227.90,219.75,214.69,206.48,200.32,193.04,187.67,183.41,177.49,172.05,162.63,158.22,150.76,147.00,138.22,130.39,121.84,113.70,105.38,97.86,87.20
72.17,82.10,89.90,99.13,109.60,119.08,126.00,143.45,150.47,156.26,169.85,176.11,184.95,191.31,196.47,205.29,211.99,218.84,225.18,230.69,241.63,246.52,252.42,257.60,261.01,263.87,262.55,257.47,253.90,245.80,243.98,238.54,228.63,222.47,213.46,207.13,202.41,196.64,192.35,183.10,178.13,171.14,163.36,156.87,153.48,142.97,134.32,126.65,117.10,109.48,103.12,92.20
75.01,85.33,95.34,104.56,115.16,127.48,135.83,151.60,160.26,169.07,179.90,187.42,197.21,201.94,208.94,219.11,224.72,231.71,243.21,246.27,256.02,263.45,267.71,273.22,275.18,279.10,279.06,271.80,270.82,262.56,257.62,249.81,241.63,235.61,224.15,219.46,212.43,205.24,202.55,192.21,188.47,178.97,174.20,166.09,159.23,150.22,142.43,132.83,124.08,116.50,109.00,96.26
69.72,82.35,89.04,98.02,108.41,119.47,128.14,140.87,150.27,157.54,168.15,175.41,183.88,190.08,197.43,204.96,212.90,220.18,226.64,232.24,237.88,245.84,249.03,256.83,261.72,261.16,259.06,256.86,253.67,245.42,240.63,235.31,224.74,220.17,209.23,207.10,199.55,193.79,190.39,180.24,177.49,170.77,163.95,156.35,150.69,140.72,134.12,125.57,116.93,108.90,101.53,91.30
74.33,86.37,94.70,104.48,114.93,126.53,134.35,151.46,160.08,167.36,177.01,186.05,194.20,200.44,207.96,215.19,225.08,231.78,239.07,243.82,252.46,258.82,265.63,268.56,274.87,277.49,273.72,269.99,266.76,260.74,253.60,246.53,236.48,232.36,223.91,215.14,211.02,204.38,199.06,190.12,187.10,179.08,172.93,164.66,158.09,148.00,140.46,132.24,123.91,114.86,106.23,95.29
71.84,82.04,88.53,97.42,110.39,119.85,126.83,143.14,149.65,157.76,168.88,176.71,185.15,190.55,197.14,204.61,211.62,218.39,225.57,230.34,238.42,246.85,250.80,256.63,259.92,262.82,258.80,254.97,252.99,243.80,241.23,236.03,224.66,220.06,211.12,204.69,200.10,193.31,188.62,178.87,175.00,169.71,162.93,156.31,149.58,139.90,134.32,126.29,114.93,108.25,102.36,91.08
73.06,83.82,93.23,102.77,113.86,124.66,133.76,150.27,158.96,166.40,175.73,185.61,193.60,198.12,206.79,213.35,223.02,231.71,238.88,243.30,251.35,257.70,264.62,269.74,272.77,275.41,274.24,271.28,266.66,263.06,255.20,248.13,237.77,233.50,224.96,217.59,211.56,203.38,201.06,192.33,186.27,178.91,174.18,166.21,159.23,148.06,142.61,132.46,124.42,116.30,106.21,96.17
67.54,75.24,83.01,93.11,102.49,112.07,119.87,133.78,141.16,148.01,157.89,165.58,173.93,179.23,186.17,193.57,197.34,205.06,212.36,215.74,226.93,230.87,235.77,241.00,247.07,248.21,245.23,240.42,238.47,230.42,228.54,221.50,211.85,207.77,198.83,195.06,189.17,183.81,181.33,168.66,167.09,160.33,153.29,146.58,142.62,133.06,126.32,119.08,110.26,102.79,95.90,86.28
66.12,73.82,80.99,93.86,100.45,107.69,121.63,133.54,140.87,148.19,158.01,166.36,173.12,178.40,185.31,190.28,195.87,204.28,212.57,217.18,227.40,231.16,233.41,240.13,243.30,246.83,246.98,240.92,238.10,230.34,228.81,220.79,212.61,208.63,201.04,195.06,189.68,184.74,180.57,170.19,167.84,159.15,154.05,145.96,142.67,134.40,127.58,119.64,111.80,104.09,96.61,86.77
69.97,80.06,85.48,94.02,102.69,113.53,123.00,135.13,145.77,151.33,162.03,167.76,174.73,181.62,186.55,194.01,198.84,203.42,209.88,214.67,222.87,227.38,232.36,235.64,239.78,239.35,237.36,234.31,232.72,223.83,221.12,216.62,206.32,202.98,193.35,189.08,183.79,177.25,174.64,164.03,159.67,156.47,147.11,142.80,139.31,128.41,123.91,115.32,107.84,98.23,93.77,83.65
67.18,75.31,84.69,93.19,100.00,110.98,118.53,134.63,143.74,148.85,158.55,165.52,173.49,177.65,184.39,191.64,198.84,207.64,213.38,218.04,225.94,229.39,236.54,238.38,245.28,248.05,247.33,241.02,239.45,233.94,226.27,221.06,214.60,211.69,201.96,196.60,189.01,183.10,181.02,172.47,167.63,162.59,154.99,147.80,143.68,135.52,128.32,119.28,111.07,103.73,96.57,85.87
66.61,77.08,84.40,93.65,102.16,111.83,119.94,134.18,141.99,149.26,159.14,166.39,173.90,180.62,186.34,191.91,198.60,206.25,211.53,217.30,227.14,232.59,236.01,241.70,245.20,249.30,246.42,241.58,238.65,233.07,227.26,224.08,214.37,209.12,201.00,196.85,190.39,183.86,182.00,172.53,167.93,162.43,154.16,146.93,144.78,135.96,128.25,120.10,111.83,101.97,96.67,86.98
65.76,76.30,84.17,93.19,103.02,113.21,117.69,134.63,141.40,148.28,159.83,166.14,172.70,179.40,185.44,192.94,199.80,207.07,212.44,218.00,227.11,231.08,237.03,241.36,248.20,246.89,245.42,241.99,238.32,232.91,230.67,222.58,214.00,210.11,200.41,195.33,191.73,185.59,181.20,171.06,167.19,162.48,155.43,147.57,143.13,134.03,128.14,119.62,111.00,103.28,95.75,86.35
74.25,84.65,94.92,104.69,113.03,124.04,132.25,150.62,157.81,165.39,174.55,184.63,193.50,199.70,204.48,211.98,222.38,229.82,236.54,241.13,250.77,256.88,261.12,267.82,271.27,275.41,273.88,266.36,264.88,259.86,254.87,245.51,237.05,234.79,223.32,216.34,209.86,203.38,197.95,193.31,188.14,178.07,172.39,164.66,159.18,147.80,140.77,132.23,124.47,115.77,107.20,96.26
67.18,76.92,83.43,93.35,102.49,112.59,119.67,133.22,141.01,147.60,158.15,165.50,172.36,179.34,183.90,191.82,197.94,205.57,211.44,217.57,225.67,230.08,233.26,241.00,245.81,245.90,246.87,241.66,238.47,230.12,225.21,220.78,212.53,208.09,201.70,194.40,189.55,181.53,179.61,169.54,167.89,161.82,153.52,148.27,142.58,133.02,127.53,119.04,112.07,102.58,97.53,87.37
67.12,77.10,83.74,94.51,100.50,111.89,120.50,134.46,142.95,150.38,158.53,166.11,174.94,181.73,183.88,193.76,198.46,205.91,213.26,219.43,226.06,231.48,237.99,241.13,245.12,248.81,246.71,241.13,239.73,232.82,228.27,221.17,212.19,208.40,201.04,194.64,190.06,183.45,179.43,172.05,168.87,160.10,154.86,147.73,144.73,134.74,125.94,120.35,111.02,105.02,95.44,86.27
67.03,75.64,85.63,92.36,103.04,112.00,120.21,136.18,142.64,150.24,158.81,167.53,173.97,179.05,185.07,191.64,201.25,208.39,213.62,218.24,224.86,231.59,238.00,241.09,243.53,246.73,248.20,239.42,236.48,234.09,228.66,221.84,214.16,208.74,200.35,194.37,189.93,183.08,178.40,172.80,168.43,160.73,154.86,148.07,144.42,134.01,127.26,118.23,111.83,102.30,96.15,86.00
68.12,78.34,84.60,95.02,104.22,114.59,122.05,136.50,145.21,151.57,160.80,166.54,173.53,181.47,188.10,194.49,202.56,207.88,214.22,220.62,229.65,235.13,237.23,243.58,245.51,249.24,248.07,243.25,243.08,237.00,232.08,225.52,214.76,208.73,203.30,196.99,192.30,184.39,182.10,173.66,168.66,163.47,154.74,147.73,144.22,136.18,128.43,119.77,112.07,103.85,100.96,87.80
69.01,78.77,86.31,94.19,101.26,113.15,120.27,135.12,144.01,151.09,159.88,168.05,174.89,180.01,186.53,194.74,200.80,207.18,214.19,219.57,228.30,234.10,238.76,243.20,247.24,246.08,249.90,244.18,242.07,234.67,228.86,222.73,217.08,212.43,201.44,194.61,191.85,186.27,182.04,173.62,167.36,161.82,155.86,149.66,144.52,135.24,128.71,118.97,111.54,104.02,97.08,85.87
69.07,77.88,84.72,94.26,103.74,114.84,122.49,134.85,140.91,149.66,157.87,166.43,173.14,178.94,186.45,191.01,200.19,207.68,216.00,219.18,226.14,233.94,238.88,242.13,246.04,247.32,246.29,245.97,239.47,234.64,229.43,222.44,215.11,210.34,203.30,196.35,189.68,185.00,181.18,172.74,169.26,162.56,155.17,148.60,144.10,134.71,126.83,120.60,112.70,101.83,96.65,87.24
70.03,79.26,85.96,96.02,106.33,115.97,123.02,139.28,147.41,155.26,166.64,174.11,183.11,188.28,194.10,203.81,211.40,218.56,228.48,232.42,245.05,254.05,258.43,264.89,271.33,274.45,276.52,271.59,268.15,265.68,261.20,253.66,245.54,243.02,238.87,229.12,224.21,216.95,214.11,205.42,201.70,196.06,186.43,180.09,173.29,162.80,155.82,146.01,136.61,125.40,118.12,104.32
67.60,76.97,85.44,94.01,102.34,113.64,120.93,135.77,143.20,150.89,158.15,168.34,175.37,179.72,185.44,193.15,202.62,209.35,214.87,218.87,226.63,231.81,238.81,240.21,245.37,247.92,247.82,242.27,239.47,234.04,227.27,223.08,214.24,209.41,202.48,195.43,189.99,182.33,177.99,172.57,168.05,159.78,154.69,147.01,143.42,132.46,127.20,118.68,111.83,104.74,95.89,85.48
74.46,85.38,92.10,102.53,111.76,123.98,130.65,146.41,155.32,161.53,173.22,183.36,190.60,196.04,203.93,210.60,219.06,225.33,231.90,237.40,245.25,253.43,258.68,264.62,269.43,270.90,270.14,264.02,261.63,253.94,249.04,243.82,232.56,226.00,218.05,210.65,206.63,199.01,193.04,184.81,181.95,174.14,168.12,160.86,153.94,146.71,142.87,132.97,115.04,97.62,91.35,78.26
68.73,78.75,85.80,95.35,104.35,114.02,122.19,137.75,144.09,151.95,161.38,170.14,177.61,182.41,189.08,195.14,205.24,211.03,215.87,223.33,229.59,236.04,240.78,246.03,249.10,251.22,249.51,246.27,242.07,236.35,231.37,225.32,215.60,211.47,203.35,196.89,189.20,184.55,179.98,173.97,166.98,160.64,155.08,148.65,144.59,134.65,128.04,119.36,111.02,102.12,97.42,86.38
67.12,78.77,87.86,95.88,103.58,113.85,123.00,138.19,146.70,154.04,163.78,171.30,177.34,182.73,189.08,197.80,205.06,211.59,219.86,222.55,232.33,237.89,242.66,244.79,248.39,251.87,250.23,245.54,242.87,236.60,231.46,223.95,216.34,212.36,202.97,198.15,190.67,184.57,182.96,173.67,169.71,161.40,156.21,147.79,143.59,135.07,127.88,117.39,112.80,104.17,96.38,87.32
69.29,77.65,88.24,97.31,106.57,117.05,124.04,139.99,147.61,155.19,163.51,169.71,177.72,183.81,185.21,193.64,202.02,208.43,212.76,216.68,225.57,227.71,233.93,236.03,238.65,241.30,239.43,234.08,229.20,223.33,217.59,211.19,201.94,199.97,192.90,185.26,180.25,172.41,171.41,163.37,159.11,150.48,144.46,139.06,135.44,126.19,120.51,111.04,104.39,98.99,90.43,80.32
70.86,78.64,85.16,94.64,104.69,115.95,122.09,136.31,145.17,151.09,161.81,168.91,175.93,183.37,187.84,196.16,202.41,207.78,215.93,219.76,228.42,234.80,240.14,244.70,248.08,249.15,246.66,243.58,240.47,234.20,230.82,223.83,215.13,207.51,200.39,193.51,188.61,182.95,179.10,170.14,166.09,162.00,154.69,144.75,142.00,132.10,127.10,118.98,110.98,100.45,95.52,85.91
68.01,78.09,86.93,95.21,103.59,115.04,122.07,136.56,145.60,151.20,161.19,169.29,175.09,182.50,189.84,195.78,201.46,207.93,214.18,219.99,228.95,233.45,238.17,242.92,246.38,249.47,246.16,242.16,240.79,231.08,227.20,222.50,213.77,210.06,200.08,195.11,189.59,183.13,179.00,170.45,166.38,159.66,153.15,144.67,140.07,132.03,125.45,117.03,110.05,100.90,94.79,86.83
68.07,78.89,86.09,95.13,104.69,114.02,121.82,135.10,144.90,151.08,161.15,167.45,175.10,181.75,187.45,195.73,199.15,205.38,210.49,215.11,219.15,226.05,228.73,234.29,236.78,236.12,234.93,229.37,225.82,217.11,217.25,207.76,197.91,194.83,184.23,180.42,175.28,170.70,166.47,157.06,151.12,147.33,139.31,133.88,130.97,123.31,115.62,109.00,101.53,94.09,89.04,80.11
67.80,77.83,85.15,95.48,105.36,114.02,122.33,136.82,142.84,151.38,159.11,167.59,174.72,182.39,187.61,195.75,200.24,207.71,214.73,218.98,227.48,232.69,237.03,241.07,244.74,248.23,246.10,241.65,239.27,231.03,229.90,219.94,212.12,206.01,198.84,192.01,185.54,181.22,177.09,168.51,164.76,159.20,151.38,144.10,140.25,132.44,124.04,116.04,108.50,99.54,94.87,85.01
68.96,77.88,87.78,95.82,103.25,113.60,122.16,137.56,146.44,151.85,161.99,170.59,177.79,181.60,186.64,194.59,203.25,209.82,216.62,220.48,228.41,235.30,238.89,243.24,245.46,249.51,247.52,241.82,238.87,234.10,226.32,219.00,212.80,209.66,200.41,194.08,188.48,180.47,177.00,170.34,165.68,158.48,153.64,146.29,141.99,129.36,125.32,115.12,108.78,102.12,94.34,82.76
68.07,78.89,87.24,96.25,104.86,112.40,122.80,137.08,145.67,152.63,160.58,167.86,177.28,182.04,188.32,194.20,203.04,210.09,215.41,218.18,228.74,234.69,238.41,242.44,245.77,248.36,248.03,240.56,238.54,232.77,226.51,220.20,211.99,209.31,199.48,191.67,185.72,179.77,177.34,169.33,165.24,157.70,152.07,145.43,141.03,130.43,123.69,115.12,108.58,100.28,92.72,84.50
68.59,78.45,86.35,95.02,103.82,114.74,121.76,137.09,145.41,151.65,160.64,169.37,174.04,181.43,188.86,196.21,199.11,207.70,214.48,218.83,227.50,233.60,236.13,240.03,244.63,247.61,246.20,239.42,238.08,230.49,224.01,220.54,212.85,207.91,199.25,192.26,186.68,182.32,176.82,168.62,165.01,157.28,152.19,143.41,140.04,129.87,125.10,115.35,107.35,100.96,95.26,85.00
67.60,78.23,86.27,95.85,104.09,114.34,120.55,134.32,143.96,151.25,160.43,167.63,173.79,180.92,187.97,193.66,199.75,207.06,213.27,218.83,225.01,232.41,237.61,240.83,244.71,247.32,244.66,238.38,237.08,229.30,223.89,218.02,211.15,206.41,197.67,191.38,185.39,178.52,176.82,166.21,163.08,157.00,150.21,143.92,139.81,129.36,122.07,116.21,107.42,98.01,93.54,83.63
68.43,78.16,87.09,95.29,103.00,114.53,122.32,138.35,145.91,152.80,159.45,168.88,177.00,180.34,186.43,195.82,202.80,210.58,214.67,218.56,227.70,233.03,237.03,242.42,244.24,247.78,243.98,238.47,236.18,232.14,224.76,218.52,211.29,207.62,198.71,192.72,185.71,177.05,174.89,170.32,164.61,156.24,150.66,143.89,140.25,128.81,123.20,115.43,108.30,100.12,94.34,83.19
73.25,84.15,93.56,103.48,112.27,122.78,132.38,150.81,158.26,165.50,173.44,183.22,191.48,196.01,202.20,212.61,219.91,229.09,234.34,239.13,245.46,252.07,258.96,264.32,264.00,268.78,268.31,261.35,259.45,255.00,246.45,238.30,230.27,225.86,215.82,208.47,202.61,194.24,190.44,184.17,178.01,170.05,164.64,159.15,153.00,142.36,133.00,125.03,117.65,109.55,101.21,91.09
89.44,99.28,108.30,115.73,123.33,132.28,137.27,150.27,153.57,160.86,165.22,172.41,178.00,180.90,187.54,195.21,201.43,209.85,217.42,220.34,235.99,243.65,249.51,255.78,259.67,265.65,270.96,268.17,267.47,266.32,261.30,258.84,256.73,255.29,250.54,244.92,241.30,236.03,233.14,228.04,222.60,214.45,209.34,203.69,196.85,184.61,176.71,166.09,157.38,144.31,135.16,121.15
89.47,98.41,108.37,116.21,122.56,131.53,138.54,150.21,156.82,160.58,165.19,173.56,179.25,181.54,185.15,195.02,201.56,212.95,218.45,221.78,233.75,244.12,250.06,257.39,260.86,269.46,272.86,266.03,266.54,265.48,262.77,259.21,257.29,257.61,251.75,246.33,241.70,234.80,233.57,228.09,224.02,214.77,211.92,203.71,197.80,185.13,175.11,165.08,156.42,144.09,134.79,120.00
71.06,80.23,87.32,97.35,105.00,114.00,124.33,138.29,147.17,153.06,163.00,169.92,177.88,183.00,189.41,198.01,202.60,211.57,217.59,222.16,230.31,235.16,239.73,244.32,247.19,249.90,246.45,241.18,239.74,233.59,229.12,223.11,212.61,207.97,199.11,194.64,189.02,182.15,177.65,169.71,164.35,156.21,151.12,144.92,141.45,132.00,123.32,115.57,108.24,99.82,93.52,85.09
70.23,78.64,88.55,96.75,106.51,117.83,126.51,139.00,148.95,156.65,163.08,171.72,180.01,182.66,190.51,197.47,203.38,210.76,218.36,221.38,230.47,237.89,238.91,244.40,247.78,249.80,249.21,242.76,241.81,233.26,231.19,221.89,212.66,210.15,200.57,196.70,187.80,181.55,179.04,172.66,167.61,157.87,153.77,145.22,143.00,132.97,124.62,117.48,110.68,102.08,95.13,84.72
75.80,85.45,93.15,104.12,112.61,123.60,131.83,147.22,155.00,162.61,173.28,181.57,188.47,197.02,202.25,211.40,214.40,221.21,230.78,237.92,246.95,251.64,253.84,261.05,263.21,264.80,263.87,256.53,256.63,245.12,245.05,237.12,226.42,219.54,212.85,203.97,199.83,192.42,187.60,178.87,174.00,166.21,161.25,153.31,150.12,140.09,132.20,123.98,114.00,106.63,100.90,89.94
79.31,89.05,98.74,107.49,118.09,129.77,138.11,154.21,164.84,171.23,182.78,191.64,199.56,206.42,214.45,222.43,228.02,235.42,241.66,249.16,257.94,263.40,269.13,273.78,277.07,279.09,278.65,272.97,268.00,260.23,258.68,248.79,237.69,230.63,221.55,217.95,209.82,202.23,197.45,187.84,183.90,176.28,169.76,160.10,158.09,147.41,140.29,129.36,121.63,111.79,106.08,94.37
67.60,77.37,87.00,95.26,102.77,112.64,121.74,137.30,145.50,152.01,158.66,167.59,176.31,181.12,185.53,193.75,201.11,208.40,214.20,219.49,228.53,233.56,236.13,241.02,243.82,247.24,247.10,240.48,236.68,231.14,225.02,217.44,210.84,207.08,197.31,190.38,184.05,176.96,174.41,167.84,162.78,153.18,149.56,141.35,137.57,128.06,122.12,113.16,107.00,99.62,92.02,82.08
76.22,87.32,94.76,105.26,114.56,125.90,134.17,150.01,159.59,166.09,176.83,185.30,192.44,199.42,207.37,213.48,220.62,228.73,236.25,239.21,248.09,255.33,261.48,263.90,270.84,271.41,268.79,263.46,261.49,253.02,246.06,240.00,229.30,227.27,214.22,210.24,202.56,194.24,192.20,181.34,176.78,171.48,163.09,157.54,152.75,143.17,134.63,125.03,116.30,109.08,101.12,91.61
74.22,86.13,92.66,101.51,112.45,122.41,131.48,147.58,154.20,162.98,173.49,181.89,188.68,195.92,200.34,208.93,216.02,222.39,229.14,234.34,244.64,249.93,254.64,260.72,263.42,264.84,262.49,256.77,256.07,247.14,243.40,236.02,222.62,219.71,211.19,205.00,199.36,189.45,187.49,177.00,173.97,166.01,159.21,153.84,148.66,137.97,131.91,123.32,113.60,105.70,99.14,89.50
91.21,102.24,110.15,117.65,126.19,135.62,139.56,149.50,155.24,159.00,165.95,170.02,176.26,180.71,186.13,194.37,198.29,207.42,215.47,220.27,231.87,240.63,245.80,253.29,258.24,263.97,266.66,265.23,263.71,260.99,259.86,256.91,256.04,252.07,247.75,241.40,239.92,234.16,231.21,226.08,223.16,215.42,208.75,200.96,195.78,186.01,176.14,166.63,154.64,143.28,134.35,122.10
75.43,86.83,92.76,102.18,113.28,123.46,131.93,148.50,155.86,163.17,174.89,182.78,189.78,195.74,203.06,209.70,218.93,222.63,229.81,235.92,244.90,251.43,256.94,259.62,262.55,266.30,260.16,257.99,256.56,251.44,244.92,237.50,226.36,219.18,208.54,206.31,198.24,191.48,188.57,180.07,174.54,167.19,159.54,153.81,149.91,139.05,130.92,122.59,115.68,105.55,99.41,89.40
77.90,88.60,97.12,106.96,117.28,129.36,137.77,154.04,164.66,170.66,182.50,191.67,198.12,206.19,212.43,219.87,226.11,234.18,241.12,246.29,258.57,261.70,267.42,273.23,275.75,277.04,276.52,269.56,266.10,258.12,253.81,248.72,238.80,230.36,223.06,213.18,207.88,198.04,196.89,186.45,183.17,177.10,166.69,159.38,156.08,145.34,136.42,130.70,120.04,110.94,103.62,94.59
76.84,87.69,99.46,108.17,117.59,128.16,136.94,155.72,164.51,170.85,180.71,190.63,198.49,206.02,210.67,220.01,229.90,236.21,242.40,246.72,257.39,260.43,268.56,271.67,275.54,276.81,277.43,269.98,267.20,261.82,253.29,245.73,236.78,233.77,222.64,215.52,207.76,199.55,195.21,189.50,184.09,175.64,168.59,160.53,156.92,144.81,135.59,126.81,120.55,110.82,103.59,93.61
79.88,90.47,98.51,108.00,117.92,130.75,139.03,155.32,164.83,171.43,183.02,190.18,200.26,206.62,214.35,221.02,227.55,234.97,242.17,250.30,257.53,263.15,268.00,272.20,276.93,278.35,277.32,272.18,267.46,260.20,253.43,248.62,238.42,232.13,220.98,213.51,209.31,203.44,197.67,187.22,182.99,179.05,168.15,161.48,154.26,146.82,138.00,128.88,119.44,111.77,105.02,93.74
70.18,79.63,86.76,95.19,105.00,114.28,123.48,138.22,145.10,151.46,162.11,168.66,177.10,184.11,188.16,196.54,202.97,208.24,215.67,219.91,228.16,234.14,238.66,242.92,247.07,248.93,245.81,242.22,236.92,230.49,226.56,222.99,212.08,205.91,196.16,189.39,184.95,178.04,175.65,167.69,161.40,155.05,147.23,142.64,138.36,130.17,123.02,114.55,107.02,98.66,94.07,83.73
65.25,76.30,83.82,92.18,100.50,110.05,120.28,133.00,141.69,149.91,159.54,167.01,173.33,181.73,186.08,195.01,202.41,211.44,219.54,225.14,235.77,245.08,249.51,255.20,259.67,265.24,264.84,261.45,257.01,254.02,249.82,244.83,236.14,233.00,226.88,221.33,213.79,208.14,203.94,197.04,192.82,184.70,177.67,172.20,165.20,154.24,146.73,138.60,129.03,118.87,112.01,99.61
67.78,78.24,86.15,94.51,102.96,114.28,119.62,135.83,144.20,149.86,158.82,167.48,173.95,180.62,185.70,192.59,199.15,205.92,211.68,218.05,224.18,231.14,233.36,238.47,242.44,243.96,243.82,236.97,234.54,228.44,223.56,216.84,207.28,203.97,194.25,188.90,182.22,175.86,173.42,165.74,161.60,152.40,148.48,140.46,136.03,127.63,119.82,113.07,105.82,99.74,89.44,81.34
68.47,78.29,84.05,93.65,104.55,114.34,120.42,135.77,144.20,150.27,160.80,167.29,173.18,180.97,186.10,194.14,199.25,206.78,210.04,217.59,227.48,230.70,234.61,239.45,241.75,242.92,243.02,237.69,235.48,227.31,223.65,217.82,205.08,204.12,192.75,186.75,182.44,177.10,173.22,163.37,159.67,154.78,145.34,140.77,136.50,127.20,122.33,113.89,104.29,98.29,91.44,82.87
68.43,77.52,85.05,94.30,103.37,112.87,119.47,135.96,142.52,149.60,156.31,167.09,173.00,179.74,184.59,191.48,198.66,206.48,211.55,215.94,223.86,229.53,234.76,238.67,239.28,242.55,241.90,236.21,232.60,227.61,221.38,217.55,207.18,202.61,192.35,186.68,179.98,174.89,171.13,165.42,160.59,154.18,147.96,140.80,136.69,125.25,120.25,112.54,105.10,97.62,89.45,80.81
67.96,78.03,89.07,96.57,104.12,114.49,122.41,139.28,146.10,153.06,161.77,170.53,177.12,181.87,187.63,195.88,204.09,210.30,216.89,220.31,226.06,233.33,238.66,242.53,244.56,248.26,246.33,239.17,239.35,231.40,223.61,218.00,209.35,206.05,195.21,189.62,184.00,176.71,174.84,168.32,162.34,154.25,149.65,141.89,138.03,128.41,122.00,112.81,106.79,98.08,91.76,83.20
77.16,87.80,97.51,107.82,118.51,129.03,137.06,155.39,164.76,171.40,181.00,191.02,199.25,206.19,210.52,218.76,228.35,236.36,241.63,247.70,254.26,261.23,267.74,273.54,274.63,279.03,276.37,269.56,264.75,257.61,256.07,247.03,236.38,231.82,220.97,215.03,206.32,199.38,195.21,187.64,181.42,174.67,167.36,160.85,155.72,144.84,136.50,127.88,120.30,112.87,104.39,92.76
78.71,87.92,97.13,108.24,118.15,127.66,139.32,154.38,161.61,171.13,182.19,191.02,200.25,205.63,210.61,220.59,228.47,234.26,243.77,246.63,258.68,263.05,266.27,271.59,275.60,278.62,275.26,271.53,266.48,261.48,253.71,247.68,235.48,231.10,220.58,213.30,207.17,197.57,194.34,188.04,181.22,174.61,166.17,156.89,151.80,143.39,135.62,127.64,120.02,111.16,105.26,93.61
80.23,89.64,97.49,109.11,118.80,130.92,138.60,156.28,165.30,172.15,182.78,190.67,199.46,207.00,212.90,221.11,227.76,236.36,244.48,250.25,257.60,265.12,270.50,275.73,275.84,280.32,276.62,275.41,271.94,259.86,257.28,250.89,237.54,232.14,220.86,217.11,211.24,203.09,198.65,188.68,182.10,177.45,167.60,161.60,155.56,145.89,140.09,129.71,120.21,110.77,103.87,95.69
78.03,89.94,98.11,110.07,119.42,129.80,138.36,156.65,164.58,172.66,183.17,191.64,200.35,207.71,213.95,222.52,227.26,237.03,244.05,247.89,259.21,266.29,268.67,273.83,276.49,281.19,279.08,272.97,271.46,258.00,255.84,249.24,239.14,233.56,223.91,215.87,210.11,204.85,199.81,188.61,185.71,176.07,168.61,162.05,154.94,146.35,139.64,129.36,120.10,110.03,105.19,93.19
77.10,88.84,99.54,106.83,118.15,128.89,137.93,156.71,165.95,171.94,180.00,190.91,198.76,205.65,211.90,219.66,226.31,234.89,241.90,248.94,255.86,264.09,268.69,270.38,275.18,277.83,277.68,270.54,268.00,259.61,253.55,247.14,234.69,232.56,220.22,213.34,207.08,199.42,196.12,187.17,182.70,174.01,168.12,158.32,154.64,143.39,136.13,129.50,120.07,112.16,102.34,92.05
78.85,88.77,99.01,107.97,117.18,129.50,137.57,156.49,164.79,170.75,182.24,192.35,200.00,207.18,212.73,219.11,228.62,237.77,244.75,247.12,259.02,266.18,270.84,273.37,277.58,279.37,277.52,270.71,268.47,264.21,253.65,247.49,236.41,231.02,223.71,214.34,210.43,202.57,195.50,187.95,185.23,175.93,167.93,162.66,156.47,144.36,138.83,127.68,121.02,110.16,104.12,92.85
70.72,79.25,90.47,97.65,105.23,115.00,123.82,136.34,145.62,154.03,163.11,171.43,177.10,183.50,189.71,195.13,203.03,211.55,218.33,221.12,229.22,234.69,240.65,245.07,246.46,251.48,246.62,242.63,243.00,233.59,227.11,220.06,211.29,207.06,198.73,192.94,187.10,179.79,176.12,169.14,166.41,155.62,150.08,144.06,138.57,131.73,123.07,116.16,107.00,100.57,91.92,82.98
68.88,78.87,87.85,94.89,104.20,114.54,121.41,135.68,144.28,149.88,160.42,167.53,174.26,181.02,187.26,193.02,200.85,209.33,216.11,222.04,232.57,237.36,242.10,246.98,250.67,253.79,252.51,247.48,245.28,237.12,232.49,228.88,219.10,215.87,206.42,201.49,194.83,187.30,184.88,177.54,173.11,163.25,160.80,151.56,146.44,135.80,129.77,120.42,114.28,106.51,98.86,87.97
75.50,87.00,95.34,104.75,116.04,126.89,136.47,150.16,159.24,166.21,178.03,184.36,191.47,200.25,206.93,212.44,219.82,226.93,235.05,239.31,246.62,255.14,258.03,263.32,267.48,269.27,266.36,260.86,260.27,252.01,245.81,238.76,227.97,222.34,212.27,206.52,200.96,195.03,189.59,181.20,174.72,169.71,160.33,152.78,148.82,140.94,132.80,125.32,114.61,105.55,100.13,91.93
69.29,79.00,86.33,96.40,103.23,114.48,120.00,136.18,144.17,151.16,159.62,165.95,174.64,178.97,184.70,193.83,198.58,204.71,208.70,215.78,225.00,229.12,235.54,237.44,241.25,242.54,241.11,235.77,233.09,226.11,223.06,214.11,206.53,200.94,192.63,184.79,180.68,176.31,171.51,163.49,159.08,151.79,146.01,140.09,136.01,126.85,120.37,112.45,104.68,97.01,90.08,79.91
70.29,78.92,86.28,94.73,103.75,113.28,120.65,136.18,143.75,151.17,158.26,166.97,173.69,179.12,187.81,195.54,201.21,209.47,217.85,221.62,230.93,236.84,242.55,244.97,248.28,252.51,251.51,246.91,246.63,238.72,232.82,227.37,216.60,212.84,205.46,199.61,193.31,187.30,183.58,176.32,172.20,163.08,158.40,149.86,145.03,134.18,128.04,120.21,112.79,104.24,96.88,86.33
90.48,101.32,108.23,116.73,125.40,132.92,140.72,150.48,155.54,159.78,169.00,170.95,178.54,183.22,189.42,197.75,204.14,210.64,220.30,224.72,237.50,244.93,252.72,259.12,265.28,268.73,270.34,270.10,268.99,266.18,265.24,261.02,259.05,256.04,251.43,244.18,242.03,235.32,233.24,227.04,222.70,218.29,208.70,201.85,196.35,185.18,176.08,165.02,155.17,142.86,133.41,119.85
89.11,100.96,106.40,117.65,124.40,133.76,139.01,151.63,156.16,162.35,169.71,173.97,179.61,182.58,189.90,198.17,203.53,212.72,221.46,227.38,235.70,246.64,252.19,258.96,265.88,268.37,272.11,270.14,270.83,265.65,265.73,262.23,258.09,257.60,249.47,246.52,242.74,236.44,233.73,227.71,222.89,217.17,210.41,201.76,196.09,186.36,176.71,165.22,154.99,141.40,132.97,120.42
70.26,80.31,86.83,95.41,105.26,114.95,123.26,135.83,146.41,151.61,161.11,168.44,175.45,181.47,187.83,195.60,204.01,209.10,218.00,223.44,233.07,238.88,246.13,248.93,251.87,256.60,256.38,251.03,246.48,242.40,235.76,232.57,223.96,219.24,210.92,203.16,199.12,192.26,187.42,181.60,175.52,168.96,161.38,155.86,151.72,141.03,133.14,124.81,116.76,106.96,99.98,90.92
77.88,88.96,98.81,107.38,119.41,130.08,139.00,156.06,165.00,170.82,182.60,191.26,198.34,206.19,213.40,221.89,227.18,233.55,241.86,249.55,259.33,263.87,268.60,274.30,277.28,279.52,277.72,272.59,266.54,258.50,255.44,248.27,238.30,232.25,219.18,212.29,209.15,201.30,198.12,186.68,182.48,176.18,167.82,159.67,154.39,145.50,138.18,129.19,119.55,109.48,104.64,93.19
95.52,105.69,117.29,125.30,131.91,137.54,146.54,158.55,162.31,168.43,171.17,181.95,186.68,191.00,196.62,204.83,211.68,222.28,230.22,235.09,248.73,256.48,264.05,269.68,274.87,284.52,288.21,281.30,282.11,279.73,275.94,273.64,269.82,270.65,266.19,259.12,253.51,247.88,245.36,241.46,235.70,227.00,221.84,214.02,207.48,192.35,185.05,172.59,164.54,151.16,139.49,126.59
70.77,80.41,87.69,96.05,107.28,116.10,122.00,137.13,145.83,152.64,162.00,169.19,177.28,182.86,189.68,195.98,201.38,207.70,214.22,221.05,228.09,235.48,239.47,243.29,246.59,245.29,245.75,242.40,238.38,231.04,225.22,219.13,210.40,203.48,196.11,189.38,186.04,178.34,174.35,167.26,162.83,156.12,149.41,142.69,137.01,127.94,121.20,114.62,106.40,98.49,93.43,81.61
69.08,78.77,90.43,97.50,103.25,113.60,122.65,135.68,143.39,151.12,160.15,168.40,175.09,179.94,185.98,193.58,202.20,209.90,216.27,221.33,230.34,236.76,242.16,245.15,249.60,254.42,254.23,247.48,246.29,240.50,234.31,229.17,220.64,217.86,208.01,203.08,195.73,189.74,187.07,179.00,174.89,166.23,160.51,153.10,149.40,138.25,130.83,121.17,115.21,106.78,97.74,87.32
68.31,77.88,85.15,95.35,104.55,114.20,120.50,133.70,143.42,150.72,161.42,167.19,172.65,180.09,187.07,194.26,199.46,206.01,210.49,218.83,226.38,231.57,234.02,240.01,243.73,246.02,242.00,238.00,235.17,226.74,223.01,218.36,207.09,203.12,194.31,188.04,182.70,175.64,174.07,161.62,158.81,152.05,145.01,139.61,136.00,126.18,120.34,113.00,104.75,96.54,90.69,80.50
75.11,85.43,94.87,104.94,113.30,122.58,131.47,149.48,156.17,164.78,175.87,184.56,192.17,197.39,204.12,210.86,220.88,228.64,234.20,238.31,247.99,252.72,259.46,262.49,265.58,270.21,266.43,261.43,256.26,250.74,243.61,235.64,226.75,223.30,213.21,204.84,200.02,193.21,189.28,182.02,176.24,166.97,161.64,154.18,150.08,137.00,129.77,122.11,116.21,108.67,99.32,88.05
76.24,87.20,93.78,103.41,114.21,125.59,133.75,148.63,155.72,163.89,176.51,184.35,191.67,198.31,204.20,211.78,220.06,226.42,234.27,239.38,248.00,253.74,257.86,264.32,267.00,266.42,264.97,262.07,258.28,250.93,247.03,238.00,229.56,220.99,212.27,207.07,200.12,192.00,190.78,180.50,174.92,167.36,161.05,153.91,147.80,140.09,132.23,123.17,115.11,106.00,100.40,90.25
67.74,78.39,86.00,94.83,104.29,113.14,120.21,136.01,144.01,148.81,161.47,167.01,173.52,181.82,186.51,194.79,198.91,206.49,212.68,215.08,225.50,231.20,234.05,240.68,241.00,243.24,241.75,238.08,234.18,227.20,223.91,215.80,207.29,198.41,192.85,186.55,182.39,175.60,174.00,164.01,159.66,152.43,145.91,139.72,134.47,125.78,120.65,111.83,105.04,96.04,90.43,81.10
77.39,85.87,97.42,108.23,117.78,128.66,138.22,155.32,166.21,170.95,183.00,190.90,200.48,205.16,212.43,219.97,229.87,238.72,244.44,249.39,256.36,263.88,270.22,273.72,275.79,281.23,277.43,272.01,269.12,263.43,253.20,248.70,235.31,232.65,223.21,215.57,208.72,198.72,197.31,190.72,183.90,173.22,169.05,160.70,155.28,142.52,136.30,126.91,120.22,110.11,103.73,92.20
68.68,76.16,86.16,94.87,103.08,112.51,119.42,135.21,144.47,151.25,159.45,168.00,173.49,180.38,186.13,193.22,201.94,211.00,217.19,222.50,231.24,236.70,241.02,246.11,249.18,253.39,252.72,246.59,244.80,240.30,234.27,228.43,218.89,217.22,207.42,200.96,193.79,186.13,183.73,177.88,173.67,163.08,158.94,150.33,146.77,136.09,127.64,119.62,114.00,106.22,97.62,86.09
68.68,79.21,86.12,92.97,104.74,115.45,122.12,135.72,144.16,150.23,162.59,168.86,176.82,181.75,186.87,196.11,202.24,208.00,213.97,219.97,227.34,233.40,238.55,241.60,246.27,246.91,245.07,239.74,239.72,228.81,225.04,222.32,210.26,205.29,195.92,190.80,185.83,178.73,174.90,167.84,160.85,154.21,149.62,142.39,136.88,128.72,122.92,113.65,105.72,97.74,91.68,82.54
74.97,87.46,94.20,103.48,113.32,125.60,133.96,150.86,159.48,167.63,176.98,186.56,194.25,200.82,208.24,216.17,221.52,229.31,238.55,239.44,249.16,257.66,260.77,268.00,270.41,274.12,268.84,264.02,261.49,253.87,248.07,240.84,229.84,223.59,214.16,208.19,202.23,196.92,191.65,182.91,177.18,168.59,163.48,155.03,149.48,140.17,132.38,124.56,115.00,109.00,101.08,89.27
70.52,82.04,94.34,102.59,112.68,124.54,131.55,148.17,156.21,165.92,177.20,185.22,195.04,200.80,205.41,213.79,222.80,229.46,235.65,240.60,249.62,257.29,260.93,266.06,267.80,270.16,270.42,262.35,261.23,253.18,246.14,240.92,229.37,226.57,214.72,210.76,201.32,193.58,190.90,183.08,177.25,168.87,163.36,154.95,148.79,139.59,133.03,124.33,115.94,108.30,98.41,89.59
75.03,85.51,92.10,105.30,113.36,126.06,134.08,151.21,159.89,166.88,177.61,186.85,192.04,201.70,206.63,215.39,225.21,233.06,237.01,242.24,248.65,255.00,262.03,271.77,276.01,275.81,272.03,265.97,263.15,254.69,250.46,240.42,229.80,228.67,217.83,209.98,202.61,196.01,190.39,180.76,180.18,168.60,164.20,154.73,150.38,140.70,132.85,125.92,117.21,107.04,100.18,89.94
67.98,78.10,85.09,91.92,101.12,112.31,117.80,133.81,141.53,147.72,157.41,165.89,172.71,178.04,183.84,192.43,197.94,204.40,210.84,214.54,222.71,229.48,233.69,236.95,240.36,241.57,239.89,237.19,231.22,225.06,222.75,215.70,205.80,201.55,191.64,184.72,180.10,174.29,170.31,161.84,156.20,151.11,144.69,139.71,133.45,125.54,118.07,110.46,102.90,96.25,89.94,81.12
74.52,83.60,92.31,103.41,112.75,124.39,131.24,149.56,159.01,165.47,175.48,185.85,192.35,199.09,204.35,212.79,221.68,230.73,234.54,241.21,249.45,254.69,262.68,265.32,268.88,272.52,268.91,262.20,258.21,254.57,246.01,241.12,229.22,226.10,214.39,208.41,199.99,194.03,189.08,183.04,179.05,168.31,162.37,156.89,151.49,139.64,130.63,123.69,115.97,106.02,98.79,89.14
74.25,84.40,92.54,102.32,113.45,123.69,132.19,147.46,157.38,165.68,177.34,184.69,191.46,199.81,206.65,214.56,219.89,225.89,234.14,239.73,248.41,255.08,258.99,264.07,268.17,270.51,269.36,262.06,258.99,249.61,248.24,240.78,229.26,222.17,211.65,206.89,201.85,195.23,191.88,181.04,175.82,168.44,160.80,154.03,148.49,139.90,130.60,123.07,112.54,105.68,100.72,90.93
65.76,75.77,84.02,93.06,102.32,110.89,117.89,134.47,142.62,149.90,158.55,166.65,173.79,180.69,184.09,192.84,197.21,206.71,212.01,216.60,223.81,229.39,234.31,238.87,241.96,243.95,241.62,234.83,233.62,226.17,222.44,215.24,204.84,203.67,192.38,186.63,180.92,174.42,170.77,164.15,159.06,152.07,145.24,138.40,133.84,126.56,117.27,110.11,103.32,97.74,90.27,80.08
75.11,85.96,95.19,105.23,114.95,126.06,134.12,150.86,161.01,168.00,178.47,188.40,197.50,201.56,208.58,217.08,224.27,233.06,240.64,242.60,252.40,259.62,264.19,266.10,271.60,276.13,272.59,266.66,263.03,257.60,248.48,241.35,234.44,228.08,218.02,211.62,203.07,195.50,192.21,184.81,178.90,172.07,163.78,155.44,150.88,138.41,132.62,125.48,116.76,107.78,102.12,90.43
66.91,76.69,84.76,92.76,100.00,112.01,119.85,134.83,143.27,149.62,159.25,167.51,174.18,179.36,185.04,193.00,200.83,208.19,211.09,216.36,226.38,229.44,234.79,237.19,241.21,245.23,242.17,236.92,232.96,227.25,222.06,216.45,206.79,201.02,193.24,187.49,182.70,174.38,170.70,164.23,159.09,150.01,146.32,139.56,135.07,125.63,118.80,111.13,104.12,96.43,89.11,79.62
72.99,84.22,90.61,101.59,112.07,123.66,133.00,148.08,157.05,164.21,173.67,183.38,192.09,197.73,205.63,211.85,220.41,228.76,235.13,239.12,247.58,254.58,259.62,262.77,268.79,271.28,267.58,261.77,260.40,253.53,243.77,240.30,228.71,224.15,214.22,208.17,199.21,193.61,189.68,181.03,175.92,167.03,160.70,153.18,148.48,137.77,131.64,121.08,115.07,107.22,98.35,87.32
73.68,83.74,91.68,101.83,111.02,123.00,130.31,148.45,156.97,164.16,173.16,182.48,191.93,196.24,204.41,211.25,217.11,226.29,233.69,240.42,247.63,252.03,256.32,261.72,265.38,270.60,268.37,257.11,257.11,250.99,244.31,239.53,226.83,222.44,210.24,206.83,199.97,193.26,189.41,179.81,174.81,166.21,161.90,154.04,148.48,137.71,129.76,122.20,113.09,107.71,97.62,88.81
72.84,84.10,92.20,101.92,112.07,122.64,131.04,146.70,156.20,164.30,175.39,182.10,189.69,198.04,204.95,212.43,219.49,228.53,232.67,239.71,249.90,254.49,258.84,266.09,267.43,268.33,264.55,262.13,258.12,251.25,244.86,240.52,229.97,223.61,212.94,205.10,199.96,191.77,189.08,177.75,174.77,166.93,160.90,150.44,148.00,137.99,131.02,121.76,112.04,104.66,98.33,87.60
71.85,82.38,92.61,101.98,109.93,121.56,130.00,147.49,155.57,164.25,171.96,181.14,189.47,196.42,203.77,211.59,218.34,228.22,234.68,238.08,246.47,251.27,258.09,261.12,264.62,268.70,267.59,261.03,256.63,250.20,245.42,238.61,227.27,223.97,214.24,205.55,199.16,190.78,186.87,179.52,174.05,164.78,160.33,151.22,148.41,138.19,128.76,120.07,114.76,105.80,97.51,87.69
73.06,84.02,90.62,102.08,110.16,123.15,130.80,147.09,157.00,164.47,172.88,182.58,191.21,195.76,201.94,211.40,218.39,229.96,232.02,238.65,246.01,251.88,256.83,261.19,265.28,269.16,267.75,258.49,258.64,249.07,244.25,240.00,228.27,222.27,214.48,204.63,199.90,192.51,188.86,177.10,175.79,164.07,160.56,151.35,147.18,135.64,129.71,123.07,114.24,108.12,98.35,87.78
72.84,81.91,91.41,101.21,109.59,122.00,130.65,147.31,156.47,162.11,173.25,180.71,191.05,195.53,201.56,209.66,217.81,227.18,233.14,235.47,244.97,250.49,257.48,259.98,263.69,268.17,264.36,259.02,256.90,249.77,242.35,236.65,226.32,221.68,209.60,204.50,198.04,191.86,186.95,178.54,173.90,163.67,159.68,151.00,147.60,137.30,127.78,118.80,113.89,105.76,96.26,86.40
72.34,81.84,91.81,101.08,110.02,122.59,129.25,146.73,155.72,163.48,175.24,181.73,191.27,197.31,203.18,211.90,218.69,227.98,232.86,236.97,248.11,254.72,258.31,260.30,264.46,268.34,265.99,259.65,256.12,250.00,242.74,235.79,227.14,223.38,212.85,202.97,196.99,190.91,187.77,178.35,174.43,163.22,159.54,151.65,146.82,137.23,129.53,120.34,113.00,103.59,98.98,87.64
74.06,83.01,91.98,100.41,112.81,124.06,131.02,145.83,154.87,163.08,176.41,182.16,190.65,196.66,203.35,212.05,219.21,226.53,232.43,238.95,249.23,253.89,257.94,263.87,267.03,267.00,266.10,262.84,257.26,249.23,246.79,239.30,228.54,222.10,211.03,204.69,199.72,193.38,189.61,179.01,173.05,166.86,160.61,152.05,146.29,136.94,132.14,122.12,113.89,105.00,98.05,87.20
72.01,83.22,92.36,101.98,110.55,123.42,131.53,149.72,157.44,165.08,172.65,184.72,192.51,198.30,203.83,211.59,221.79,230.20,235.28,240.93,247.99,253.40,261.28,263.40,266.37,269.88,266.01,261.09,260.55,253.79,245.72,242.07,228.32,223.45,212.78,207.62,199.81,192.77,187.54,181.01,177.13,166.24,162.08,153.18,149.00,137.38,131.10,122.19,115.60,106.04,98.74,88.60
74.95,83.74,91.18,103.00,112.54,123.44,131.73,147.15,157.89,163.44,175.07,185.01,189.79,196.94,203.42,212.20,219.37,225.28,231.39,239.01,247.99,254.88,258.37,264.05,266.07,268.15,267.07,260.10,259.33,248.43,246.08,239.84,228.63,220.48,211.62,205.29,200.00,191.56,189.00,177.16,175.42,167.15,161.15,152.50,147.76,138.35,131.80,123.76,113.78,104.92,97.94,88.28
75.06,86.61,94.37,103.12,112.36,122.54,132.00,147.57,158.03,165.08,177.99,185.59,194.64,198.71,204.02,212.43,220.06,227.34,231.62,237.70,246.40,250.60,255.50,256.91,259.68,258.80,256.16,252.69,251.02,243.35,238.40,230.49,220.47,210.75,202.41,195.33,191.00,183.77,181.46,169.84,164.13,159.01,151.82,144.51,140.51,129.63,122.64,116.81,108.85,100.60,94.43,84.91
74.25,83.95,92.36,102.00,110.89,122.65,131.75,147.58,156.16,164.11,175.42,182.83,192.00,198.60,203.59,212.06,220.91,227.77,233.17,239.45,248.29,255.78,259.42,266.19,268.76,268.37,268.82,262.98,258.33,250.49,246.43,238.17,228.59,224.11,211.68,206.24,200.16,193.98,190.59,181.10,174.79,168.65,160.20,152.55,148.93,138.00,130.00,121.66,113.95,105.99,98.79,87.92
73.25,83.76,92.57,102.12,111.22,122.59,130.00,147.41,158.15,163.53,176.14,182.63,188.69,197.84,205.39,211.85,219.13,225.88,232.26,237.61,249.47,255.49,259.11,264.86,268.04,270.70,265.09,261.66,259.43,250.45,245.49,239.27,227.49,222.16,213.59,207.12,201.36,195.53,190.68,180.36,174.00,167.72,158.68,152.87,146.69,137.83,129.85,122.33,112.71,105.48,99.05,90.21
73.41,82.87,91.55,102.14,111.83,123.79,130.51,146.37,155.71,161.68,175.41,182.15,191.09,198.07,203.59,211.90,218.63,227.27,232.77,238.38,247.03,253.90,258.57,263.21,265.88,266.90,264.49,263.74,257.33,251.14,244.53,238.52,228.65,221.64,213.57,206.24,199.74,191.94,188.68,177.23,172.73,167.50,160.51,151.82,148.06,137.00,130.60,121.28,113.14,103.94,100.72,88.51
69.35,82.37,94.83,104.00,108.23,119.47,130.19,149.01,157.71,162.52,173.28,181.52,191.06,196.70,202.24,208.09,220.48,229.80,233.99,239.84,250.50,257.00,267.40,269.30,275.07,276.02,276.73,270.22,269.24,264.80,254.87,249.02,238.92,236.95,228.32,221.20,213.03,204.44,199.02,192.13,187.95,179.18,172.17,166.43,162.19,147.96,140.19,129.97,122.00,113.36,105.95,93.68
73.78,83.01,90.97,102.86,110.37,121.83,133.02,148.22,156.00,164.48,175.24,183.66,192.51,199.28,205.20,212.42,219.74,226.37,235.76,238.32,247.49,253.65,258.31,261.61,265.80,269.18,266.44,260.86,259.93,250.77,245.54,237.30,228.55,222.14,213.18,204.55,199.02,192.13,187.96,179.00,173.40,166.87,159.01,151.33,148.72,137.71,130.25,122.15,115.00,105.95,98.95,87.11
71.84,83.57,91.55,100.21,110.92,122.10,131.03,145.34,154.55,162.89,172.19,181.89,189.53,195.75,203.69,209.61,217.79,224.00,231.37,238.31,246.14,253.93,257.47,262.25,266.63,269.24,265.77,259.62,259.37,249.51,244.00,239.10,226.81,221.38,212.00,205.28,198.44,194.82,187.21,176.78,172.66,167.04,159.40,153.85,147.09,137.06,129.25,120.77,114.04,105.30,98.84,87.82
72.69,81.02,91.53,102.02,110.15,121.31,131.14,148.48,157.38,164.76,173.99,183.79,193.00,198.30,202.20,211.40,218.94,227.85,235.41,238.85,248.65,254.08,258.86,263.60,267.47,271.66,269.07,260.62,258.43,251.20,244.18,238.31,227.79,224.10,212.88,205.55,199.14,191.86,187.27,180.28,177.10,167.24,160.59,152.51,147.57,135.15,129.26,119.33,113.53,106.04,97.31,85.15
66.13,76.16,83.45,92.76,100.90,111.83,119.82,134.85,141.60,149.40,158.37,166.15,172.65,180.42,185.07,193.78,199.46,205.00,211.12,216.32,225.69,231.46,235.01,239.77,241.75,244.03,241.75,237.08,235.32,228.18,225.08,218.32,207.00,200.83,193.87,189.01,182.99,176.01,173.01,163.27,158.03,154.05,143.74,138.71,134.13,126.14,119.82,111.52,104.36,94.92,88.09,80.22
76.84,86.02,91.71,103.73,115.73,128.04,136.21,151.79,157.76,167.36,177.79,186.94,193.35,201.81,209.48,217.80,224.04,230.82,237.69,244.84,253.71,256.60,262.71,268.37,274.27,274.54,270.52,266.27,263.52,253.03,250.08,243.68,233.38,226.27,217.04,209.75,206.02,195.90,194.49,180.47,176.85,171.33,163.49,155.54,149.48,141.57,134.01,124.48,115.85,108.23,100.66,90.03
72.62,83.74,92.66,104.05,111.97,122.58,132.83,151.21,159.14,167.43,176.47,186.53,193.64,200.26,204.24,214.67,222.28,231.11,237.78,242.51,250.93,257.77,263.00,266.05,268.78,274.00,273.13,265.02,263.25,254.77,247.10,242.51,230.00,227.11,217.19,209.04,202.20,193.00,190.01,182.32,179.41,169.11,162.83,153.42,149.34,138.71,130.12,122.15,116.09,108.81,99.49,89.20
74.55,84.40,93.52,102.40,113.44,125.40,132.02,149.20,159.30,165.72,178.91,185.00,192.51,201.46,207.08,215.00,221.84,230.00,237.07,242.04,252.06,257.00,262.94,267.20,269.48,271.02,270.91,264.66,260.82,254.16,248.16,241.54,231.31,223.65,216.42,209.07,204.53,195.58,192.63,181.40,176.08,170.94,162.27,154.26,150.45,139.61,133.96,124.35,115.07,106.00,101.52,89.45
73.54,84.01,95.67,102.49,113.03,125.18,135.34,152.07,158.90,166.03,174.98,184.55,194.49,201.73,207.93,215.71,222.40,232.13,237.55,243.31,254.26,256.69,262.51,265.82,267.38,273.58,272.72,265.95,263.78,256.20,247.78,241.55,232.16,227.27,217.04,209.88,202.71,195.53,191.47,183.27,178.09,170.07,162.20,153.70,150.30,138.97,132.38,124.40,113.41,108.16,97.53,88.09
74.79,85.23,92.14,102.86,112.33,124.68,131.85,148.93,157.43,164.88,173.30,184.30,193.21,198.56,203.02,212.06,221.05,226.74,234.44,239.94,248.71,253.01,261.36,266.27,267.92,269.31,266.66,261.52,257.82,250.88,246.99,237.80,229.34,224.66,213.59,205.20,198.91,193.13,188.86,179.14,175.05,168.36,159.15,153.17,149.41,138.22,129.71,123.37,113.45,105.55,99.54,89.05
74.24,85.09,92.18,102.24,114.04,124.62,133.51,149.00,156.89,165.10,175.82,183.12,192.38,199.45,205.19,213.55,220.71,225.96,232.00,239.14,248.36,254.47,260.05,266.66,269.01,269.82,267.15,261.54,259.11,249.90,246.98,239.89,228.73,222.87,212.95,205.57,200.94,192.57,189.84,179.88,174.75,170.14,159.45,153.17,148.66,139.44,132.10,124.54,114.07,107.07,99.54,89.50
74.73,85.56,92.65,102.62,113.15,124.62,133.42,149.12,158.03,165.89,176.24,186.01,193.87,198.31,205.08,213.18,219.59,227.90,234.76,239.79,250.06,256.67,259.83,264.00,268.00,269.31,268.38,261.94,259.53,250.57,243.53,239.12,228.64,223.81,213.40,205.91,201.16,194.37,190.67,179.63,174.56,168.02,162.80,153.87,149.16,138.06,132.09,123.00,116.28,105.08,99.99,89.00
75.72,86.68,95.71,106.23,116.61,127.09,134.95,153.57,161.55,170.00,180.01,190.51,198.65,205.78,212.05,219.97,227.62,233.52,240.67,247.14,257.62,262.10,268.49,273.48,278.54,282.85,277.50,270.82,267.99,262.19,254.96,248.51,238.88,231.42,223.49,217.11,207.97,201.43,196.46,188.88,182.04,173.22,165.59,160.64,157.00,143.09,136.36,128.14,117.63,110.04,102.16,92.85
73.66,86.16,94.26,103.85,113.16,123.69,133.20,150.62,159.67,165.76,176.78,184.32,192.40,199.06,204.36,213.41,220.84,227.07,235.31,240.84,248.94,256.00,261.81,262.69,266.96,269.07,269.45,262.51,259.67,254.85,245.45,239.17,231.11,226.14,215.41,207.78,200.45,194.59,191.63,181.65,176.91,168.67,161.93,155.71,150.05,139.09,131.32,123.69,114.91,107.87,99.82,89.04
67.42,75.19,84.01,93.65,101.41,111.43,120.00,135.87,142.04,149.47,159.26,166.37,173.31,181.25,185.87,192.82,198.59,206.63,212.51,218.01,226.81,231.59,234.80,241.53,244.23,245.66,242.40,239.15,234.34,226.99,225.42,217.94,210.00,204.14,195.92,188.32,182.17,177.25,172.26,163.49,159.00,154.95,146.65,140.06,134.62,127.01,120.24,111.62,104.00,97.50,91.22,80.99
75.96,85.01,93.05,104.40,111.83,125.72,133.45,149.89,159.11,168.44,179.01,186.60,192.94,202.80,211.02,219.42,225.18,232.02,239.26,250.98,258.05,261.19,264.66,271.12,274.37,277.49,276.01,268.96,267.03,258.26,251.37,243.61,234.64,229.37,217.59,212.00,204.84,199.01,194.29,184.40,180.41,172.33,166.97,158.15,154.29,143.03,133.65,124.33,118.31,110.63,100.72,90.67
73.41,82.15,91.76,103.60,113.74,123.45,133.09,149.91,158.32,165.89,176.31,183.20,192.75,197.77,204.55,211.74,221.35,229.73,237.86,239.10,248.31,254.20,260.57,263.07,266.27,268.65,269.12,263.03,261.22,256.40,244.13,239.10,228.65,226.01,214.48,207.56,200.12,193.87,188.22,183.88,179.12,169.14,162.86,155.44,151.60,139.17,132.38,123.17,116.25,107.00,100.32,88.46
73.11,82.29,94.05,101.60,112.40,121.66,131.59,150.62,156.85,164.58,175.60,183.90,192.17,198.34,205.24,211.26,221.72,227.38,238.21,238.73,248.46,253.28,262.09,265.16,267.27,272.47,268.13,261.63,256.63,253.62,246.10,239.77,230.00,224.54,216.39,208.40,200.26,194.99,186.59,183.02,178.00,168.40,161.28,154.33,151.32,139.45,131.65,124.23,116.97,108.23,99.72,89.05
72.69,82.42,93.48,102.04,113.32,122.79,133.15,149.26,156.42,165.68,176.17,183.85,192.66,198.43,204.95,212.80,219.66,228.11,236.21,240.78,247.68,255.34,258.12,264.09,266.99,267.23,266.49,262.39,261.31,253.57,249.18,239.58,230.31,224.15,214.28,208.12,201.56,194.10,189.28,182.89,175.73,170.32,161.62,152.95,149.94,139.28,131.55,124.02,114.91,107.12,98.84,88.48
72.95,84.12,92.02,100.72,112.41,123.18,134.41,148.37,155.54,164.92,175.05,184.39,192.26,198.91,203.80,212.91,220.10,227.07,235.59,240.51,249.16,254.67,259.37,262.76,266.60,268.73,266.82,264.24,260.35,253.01,250.01,239.10,230.67,224.56,216.34,210.05,202.89,195.58,188.07,182.17,176.58,170.06,161.53,154.03,150.08,140.36,132.48,124.00,114.13,106.55,100.00,89.87
70.46,80.01,90.21,98.84,108.30,119.04,128.55,144.01,152.09,161.51,172.80,179.77,187.67,193.81,203.18,211.85,220.06,229.03,237.76,244.36,255.13,263.09,271.39,279.03,283.72,287.47,288.92,283.78,281.30,275.48,270.22,264.05,255.98,252.41,245.73,238.60,231.16,225.96,221.33,214.97,210.54,203.15,193.29,186.56,179.69,167.84,159.83,150.62,140.12,130.42,119.34,108.41
73.98,83.87,91.39,100.50,112.61,124.17,132.09,147.90,154.78,162.98,175.17,182.17,190.52,197.91,203.87,211.37,218.63,226.29,231.23,237.74,245.74,254.44,256.85,264.17,269.26,271.23,266.13,263.09,260.45,252.11,248.62,238.87,227.63,224.02,213.81,204.90,200.88,194.59,189.91,179.01,174.07,169.07,160.65,154.04,148.96,138.51,132.52,124.40,115.45,106.57,101.61,91.55
72.73,83.74,92.20,102.46,110.42,122.58,130.92,147.27,157.10,163.49,173.81,182.66,189.68,197.21,203.07,210.04,216.81,224.51,234.26,237.47,247.70,250.71,256.74,263.46,264.84,268.73,266.73,260.43,259.24,251.56,246.10,237.03,228.35,224.38,214.60,206.74,200.60,192.51,187.54,181.22,175.35,167.36,160.55,154.33,149.83,138.24,131.21,123.24,114.79,105.26,98.35,88.96
77.47,86.93,97.08,107.02,117.89,130.61,137.06,155.93,163.78,172.56,184.57,194.80,202.18,209.16,214.95,223.43,232.42,240.16,245.42,252.01,263.41,268.82,274.69,280.75,283.69,286.90,284.18,275.33,272.41,267.28,260.23,254.42,242.84,235.54,224.61,221.14,212.85,206.02,202.85,188.60,185.61,176.82,172.01,164.30,158.78,147.61,141.06,129.76,121.75,110.03,105.19,94.85
71.78,83.55,93.56,102.79,111.95,123.98,131.55,147.96,156.92,164.20,173.30,182.20,193.08,198.15,205.08,213.02,219.58,228.08,233.94,239.99,249.78,254.88,261.08,262.49,268.04,274.04,271.06,263.87,261.50,252.41,247.41,240.02,231.11,225.74,215.60,207.82,202.83,195.25,193.20,182.15,177.90,169.01,162.05,156.39,150.60,140.06,131.55,123.55,116.21,108.81,100.46,88.28
74.01,84.05,93.11,103.25,112.54,124.72,131.61,149.64,158.48,166.48,175.26,185.22,193.31,199.20,206.31,214.37,223.00,230.85,237.53,242.40,249.20,257.12,262.84,267.87,272.52,275.05,270.44,263.14,261.87,257.89,249.83,242.87,232.82,227.71,217.31,211.43,204.46,196.29,193.10,184.84,177.72,170.18,164.23,156.73,153.00,141.33,134.30,126.04,117.32,109.20,100.42,90.27
72.50,83.49,94.26,104.66,112.33,123.49,133.75,151.95,159.70,167.89,176.92,185.99,194.00,200.35,207.16,215.08,222.04,231.42,237.26,244.77,254.06,258.59,264.00,268.37,270.44,275.96,273.78,264.21,264.70,256.73,250.86,243.20,231.77,230.05,216.33,209.77,204.00,196.82,195.56,183.88,179.63,169.78,166.54,156.85,152.23,141.21,134.36,124.66,118.00,107.81,101.12,90.38
72.01,83.22,93.19,102.42,112.36,122.59,131.48,148.19,156.28,165.00,175.35,183.92,192.51,199.54,205.20,213.27,221.92,233.11,237.54,242.17,254.61,260.28,267.53,270.62,275.43,281.80,277.01,270.60,266.54,262.50,256.08,248.65,239.56,238.35,225.16,216.54,211.30,203.79,198.65,189.71,185.24,177.00,170.07,163.37,156.32,144.84,137.71,127.95,119.54,111.11,104.45,92.61
72.95,82.01,93.19,103.08,112.18,123.11,131.47,149.58,158.32,165.85,176.23,183.33,193.30,198.09,204.06,213.06,220.95,229.87,237.00,240.48,248.17,254.57,260.10,263.83,268.25,270.88,269.32,262.82,260.56,254.70,248.09,239.20,231.32,227.18,217.33,209.42,203.06,193.00,191.91,181.60,179.34,169.75,162.56,155.43,153.26,139.95,133.00,123.97,116.87,108.91,101.40,89.27
73.03,85.48,92.44,101.00,112.00,124.68,131.02,148.41,156.39,164.62,175.07,183.70,191.60,198.22,203.08,211.29,221.73,227.78,234.48,239.71,248.29,255.33,259.98,265.81,270.41,270.65,268.92,264.11,263.19,256.70,249.24,240.14,230.38,226.53,215.24,209.31,202.77,195.72,191.94,181.86,176.03,171.47,163.25,155.16,150.10,140.03,133.26,123.07,117.15,109.04,102.32,90.24
72.20,83.53,92.20,103.37,111.83,124.15,129.99,148.06,157.28,164.47,175.14,184.27,193.55,197.95,204.00,211.83,221.14,228.53,237.02,239.71,248.87,255.41,260.43,264.43,269.19,273.30,270.48,262.64,259.93,255.00,245.34,241.66,231.48,228.04,216.09,208.00,202.48,194.18,192.28,182.32,177.78,169.12,163.98,157.62,152.32,140.36,132.50,124.02,116.73,108.85,99.49,89.68
72.25,83.82,93.62,103.70,111.83,123.69,133.09,149.56,156.72,164.26,175.31,184.46,192.76,198.65,205.02,213.10,221.58,227.18,237.03,240.53,250.15,256.75,260.10,266.00,268.83,273.38,269.68,264.37,261.08,255.50,246.73,240.83,232.18,227.00,217.96,210.54,204.55,196.06,192.61,183.99,176.98,170.08,163.57,154.98,151.38,139.28,132.23,125.40,117.65,107.62,99.61,89.01
73.54,83.95,93.05,103.23,111.54,122.98,131.37,148.95,157.87,164.78,176.01,185.54,193.19,199.61,205.30,212.79,218.69,229.02,236.23,241.17,253.03,256.69,261.22,267.17,269.00,273.23,270.84,263.59,261.60,255.56,247.42,241.70,230.82,226.74,217.42,207.63,202.08,196.40,190.28,182.99,179.18,170.42,164.58,154.24,152.01,140.06,131.31,123.60,116.71,109.20,99.25,90.27
73.25,84.88,92.14,101.32,112.33,122.98,130.25,147.35,156.03,163.71,173.90,183.53,192.11,197.00,203.53,210.68,218.69,226.05,232.61,240.62,248.77,253.60,261.23,264.23,267.71,269.60,268.56,262.80,259.59,253.30,246.86,240.52,230.08,225.32,213.94,208.29,202.24,197.01,192.31,182.53,176.14,168.62,163.25,156.31,151.82,140.19,132.00,123.75,116.66,105.95,99.64,91.44
73.11,84.10,91.68,100.22,111.13,121.08,129.10,147.49,156.43,163.62,174.56,183.17,190.78,196.82,203.06,212.17,219.35,226.15,234.23,239.93,248.77,254.83,260.25,263.40,268.15,271.01,268.56,263.25,261.01,253.50,246.85,241.30,229.92,224.93,215.24,209.47,201.56,194.61,190.25,180.24,178.87,170.07,162.01,154.29,151.21,139.72,132.38,125.16,115.62,107.42,100.72,89.68
72.62,82.30,93.47,102.65,112.54,124.23,130.67,148.93,157.89,165.56,173.95,184.95,192.21,199.04,205.77,212.26,221.05,229.84,237.01,241.27,250.60,255.50,263.30,266.92,271.05,275.94,271.02,263.87,262.61,257.11,247.41,239.74,231.42,228.95,216.92,211.26,203.86,197.29,193.00,183.96,180.09,170.42,164.20,155.21,152.19,141.50,131.53,124.23,117.80,109.29,101.12,89.01
73.93,83.86,92.42,102.42,113.00,124.34,132.31,149.91,156.28,165.15,174.39,184.44,191.64,197.37,205.77,213.93,221.72,231.04,236.60,241.51,250.01,256.60,261.96,267.59,273.15,274.15,270.71,265.97,262.94,256.42,250.98,241.05,231.26,226.50,215.87,211.29,204.44,199.01,192.02,185.65,179.45,171.27,163.71,157.49,151.80,139.79,133.15,124.49,117.78,109.40,102.40,91.24
73.35,83.22,93.30,102.45,113.53,124.34,133.51,148.55,157.50,164.60,176.08,184.17,192.43,199.92,206.01,214.72,220.60,228.00,237.24,242.21,252.88,258.32,260.73,265.61,268.00,271.31,269.11,265.81,261.77,254.02,249.44,242.40,232.12,224.88,216.06,210.11,204.36,198.56,193.75,183.37,178.24,170.66,163.11,157.21,152.09,142.44,133.00,126.19,116.30,108.06,100.40,92.11
72.50,84.22,95.38,103.81,111.54,123.49,132.44,149.94,156.46,165.74,174.89,183.90,191.40,198.66,205.02,213.60,222.19,227.17,237.47,241.03,252.68,257.11,260.21,266.10,268.69,273.24,270.19,264.41,261.77,256.14,248.16,240.17,232.54,226.12,216.53,211.26,202.04,196.23,193.35,185.01,179.35,169.43,164.79,155.71,151.99,140.13,132.44,124.34,117.15,108.85,101.08,90.14
69.46,80.41,92.28,100.50,110.57,120.70,130.82,148.73,156.67,163.99,173.77,182.13,189.84,196.98,202.31,211.81,220.59,228.41,236.58,238.21,247.34,254.14,260.36,263.91,267.82,272.05,269.88,265.71,261.00,253.95,247.42,238.17,228.79,226.15,215.08,208.74,202.60,195.63,190.65,184.71,179.01,168.32,163.37,154.94,151.21,138.92,132.20,120.51,116.85,107.94,98.68,88.46
71.84,83.53,94.76,105.31,116.21,125.32,133.15,147.00,153.10,162.52,174.52,180.31,190.00,199.75,205.77,214.76,220.51,227.71,237.41,241.21,251.27,257.00,260.25,265.29,271.71,272.96,271.06,264.20,263.01,254.20,248.79,242.40,230.26,225.57,217.97,212.14,204.60,195.44,194.44,181.60,178.90,171.83,163.11,155.44,151.74,141.85,132.91,124.54,114.56,107.04,101.84,91.55
74.73,83.22,92.85,103.41,114.20,123.49,132.54,148.07,156.34,164.50,176.26,183.70,191.86,199.12,204.61,213.21,220.24,225.01,236.04,240.67,252.24,257.66,260.45,266.23,271.07,273.06,267.71,266.90,262.12,252.62,250.44,242.76,232.86,225.01,217.33,209.29,203.09,197.74,191.86,182.22,177.14,171.16,161.23,154.86,150.36,141.06,133.15,124.54,116.66,106.98,101.08,90.80
76.12,86.16,95.80,106.38,115.87,127.88,136.37,154.21,163.69,170.91,182.41,189.95,200.12,206.63,212.42,221.56,228.95,237.12,243.52,249.78,258.92,265.88,269.25,273.59,278.65,282.54,281.02,275.36,270.25,262.10,256.73,248.03,240.30,235.21,224.96,215.30,210.26,203.16,198.98,189.55,185.99,174.98,170.07,161.01,155.62,143.68,136.52,128.10,119.27,112.20,104.31,93.54
74.63,86.49,96.83,104.79,115.21,127.77,137.20,154.55,164.44,169.54,182.22,191.03,198.81,207.20,212.94,222.27,229.53,240.35,246.83,251.87,260.87,266.84,270.67,276.70,280.01,286.82,280.13,274.57,275.14,264.28,261.69,250.14,239.35,235.98,224.80,219.49,212.21,204.62,199.70,191.38,185.81,174.41,168.75,161.07,157.65,144.81,136.17,129.56,120.65,111.83,104.39,93.81
73.35,83.55,92.35,102.84,112.54,123.65,133.36,149.86,157.15,165.65,175.76,186.22,195.17,200.14,206.35,215.19,222.20,230.82,237.19,243.31,253.27,258.26,264.80,268.08,272.92,277.89,272.36,268.43,267.01,257.50,251.87,243.13,235.85,229.54,219.11,212.76,205.04,198.31,195.07,183.81,179.75,171.41,164.88,156.92,151.12,141.04,135.15,126.25,117.95,108.17,103.24,92.20
73.01,82.20,91.29,102.62,113.32,124.58,132.38,148.53,157.17,164.16,175.80,184.88,191.88,199.16,205.55,215.11,222.99,229.37,237.07,243.82,251.00,260.46,261.28,269.23,272.53,273.18,270.44,266.32,263.43,257.40,251.20,242.40,234.48,228.09,216.89,210.47,203.93,199.98,194.50,186.05,177.50,173.29,164.60,155.62,151.03,141.16,133.09,125.92,117.78,108.06,101.12,90.93
73.82,83.76,94.09,102.58,111.83,124.15,131.75,147.41,156.47,163.78,173.05,183.40,190.92,195.73,201.81,208.54,216.09,225.41,229.90,234.34,241.96,247.95,253.60,258.94,258.12,261.40,260.20,252.62,248.36,244.99,237.17,231.66,222.44,216.06,207.24,197.50,191.89,186.10,182.65,174.54,170.03,160.52,157.16,149.05,146.49,134.24,127.88,119.10,111.16,103.32,95.57,86.93
